//Index	Slot	Skill	X	Y	Serial	Option	Drop	Name			level	DamageMin	DamageMax	AttackSpeed	Dur	MagicDur	MagicPW	ReqLvl	ReqStr	ReqDex	ReqEne	ReqVit	ReqLead	SetAttr	DW/SM	DK/BK	ELF/ME	MG	DL SUM	RF
0
1	0	0	1	3	1	1	1	"Đoản Đao"			3	3	7	20	22	0	0	0	60	0	0	0	0	0	1	1	1	1	1	1	1
2	0	0	1	3	1	1	1	"Trường Kiếm"			9	9	15	40	23	0	0	0	50	40	0	0	0	0	0	1	1	1	1	1	0
3	0	20	1	3	1	1	1	"Kiếm Nhật"			16	16	26	35	27	0	0	0	80	40	0	0	0	0	0	1	0	1	1	0	0
4	0	21	1	3	1	1	1	"Đao Sát Thủ"			12	12	18	30	24	0	0	0	60	40	0	0	0	0	0	1	0	1	1	0	0
5	0	22	1	3	1	1	1	"Khoái Đao"			36	36	47	30	39	0	0	0	80	50	0	0	0	0	1	1	1	1	1	0	0
6	0	20	1	3	1	1	1	"Kiếm La Mã"			20	20	30	20	30	0	0	0	110	0	0	0	0	0	0	1	1	1	1	0	0
7	0	21	1	3	1	1	1	"Mã Tấu"			24	24	34	25	34	0	0	0	120	0	0	0	0	0	0	1	0	1	1	0	0
8	0	21	1	3	1	1	1	"Xà Đao"			30	30	40	20	36	0	0	0	130	0	0	0	0	0	0	1	0	1	1	0	0
9	0	20	2	3	1	1	1	"Kiếm Rồng Lửa"			32	32	46	30	40	0	0	0	103	0	0	0	0	0	0	1	0	1	0	0	0
10	0	22	2	4	1	1	1	"Kiếm Ánh Sáng"			40	47	61	25	50	0	0	0	80	60	0	0	0	0	0	1	1	1	0	0	0
11	0	20	2	3	1	1	1	"Kiếm Ma Thuật"			44	56	72	20	54	0	0	0	120	0	0	0	0	0	0	1	0	1	0	0	0
12	0	19	2	3	1	1	1	"Thái Dương Kiếm"			56	73	98	25	66	0	0	0	140	0	0	0	0	0	0	1	0	1	0	0	0
13	0	22	1	3	1	1	1	"Hỏa Đao"			48	48	56	30	43	0	0	0	70	70	0	0	0	0	0	1	1	1	0	0	0
14	0	22	1	3	1	1	1	"Kiếm Điện"			59	59	67	30	50	0	0	0	90	50	0	0	0	0	0	1	1	1	0	0	0
15	0	23	2	3	1	1	1	"Thiết Kiếm"			52	60	85	20	60	0	0	0	140	0	0	0	0	0	0	1	0	1	0	0	0
16	0	22	1	4	1	1	1	"Kiếm Hủy Diệt"			82	82	90	35	84	0	0	0	160	60	0	0	0	0	0	1	0	1	0	0	0
17	0	23	2	4	1	1	1	"Thiên Ma Kiếm"			104	128	153	40	89	0	0	0	180	50	0	0	0	0	0	2	0	0	0	0	0
18	0	23	2	3	1	1	1	"Lôi Phong Đao"			105	140	168	40	86	0	0	0	180	50	0	0	0	0	0	0	0	1	0	0	0
19	0	22	1	4	1	1	1	"Thiên Tử Kiếm"			86	220	230	45	168	0	0	0	140	50	0	0	0	0	0	1	0	1	1	0	0
20	0	22	1	4	1	1	1	"Cuồng Phong Đao"			140	107	115	35	90	0	0	0	116	38	0	0	0	0	0	2	0	0	0	0	0
21	0	56	2	4	1	1	1	"Đao Sinh Mệnh"			140	115	142	40	100	0	115	0	116	53	9	0	0	0	0	0	0	1	0	0	0
22	0	22	1	4	1	1	1	"Đao Quyền Năng"			147	122	135	40	95	0	0	380	100	35	0	0	0	0	0	2	0	0	0	0	0
23	0	56	2	4	1	1	1	"Đao Hồng Long"			147	127	155	45	110	0	134	380	98	48	7	0	0	0	0	0	0	1	0	0	0
24	0	22	2	4	1	1	1	"Ỷ Thiên Đao"			115	182	218	40	90	0	0	0	192	30	0	0	0	0	0	2	0	0	0	0	0
25	0	56	2	4	1	1	1	"Hỏa Tinh Kiếm"			115	109	136	40	90	0	108	0	136	57	9	0	0	0	0	0	0	1	0	0	0
26	0	22	1	4	1	1	1	"Hỏa Long Kiếm"			137	115	126	40	90	0	0	380	193	53	0	0	0	0	0	2	0	0	0	0	0
27	0	22	1	4	1	1	1	"Ngọc Bích Kiếm"			133	91	99	35	90	0	0	380	53	176	0	0	0	0	0	2	0	0	0	0	0
28	0	56	1	4	1	1	1	"Bá Vương Kiếm"			139	98	122	45	90	0	109	380	91	73	17	0	0	0	0	0	0	1	0	0	0
29	0	22	1	4	1	1	1	"Linh Phong Kiếm"			149	109	116	35	80	0	0	380	49	162	0	0	0	0	0	3	0	0	0	0	0
31	0	56	2	4	1	1	1	"Ảo Ảnh Đao"			100	104	130	35	93	0	104	0	135	62	9	0	0	0	0	0	0	1	0	0	0
32	0	260	1	2	1	1	1	"Nắm đấm Địa Long"			52	52	58	25	65	0	0	0	85	35	0	0	0	0	0	0	0	0	0	0	1
33	0	261	1	2	1	1	1	"Nắm đấm Bạch Hổ"			82	82	88	30	77	0	0	0	100	50	0	0	0	0	0	0	0	0	0	0	1
34	0	260	1	2	1	1	1	"Nắm đấm Quyền Lực"			105	95	101	35	86	0	0	0	120	60	0	0	0	0	0	0	0	0	0	0	1
35	0	270	1	2	1	1	1	"Vuốt Phượng Hoàng"			147	183	192	40	98	0	0	380	101	51	0	0	0	0	0	0	0	0	0	0	1
end

//Index	Slot	Skill	X	Y	Serial	Option	Drop	Name			level	DamageMin	DamageMax	AttackSpeed	Dur	MagicDur	MagicPW	ReqLvl	ReqStr	ReqDex	ReqEne	ReqVit	ReqLead	SetAttr	DW/SM	DK/BK	ELF/ME	MG	DL SUM	RF
1
0	0	0	1	3	1	1	1	"Rìu Nhỏ"			1	1	6	20	18	0	0	0	50	0	0	0	0	0	1	1	1	1	1	1	1
1	0	0	1	3	1	1	1	"Rìu Nhẹ"			4	4	9	30	20	0	0	0	70	0	0	0	0	0	1	1	1	1	1	1	1
2	0	19	1	3	1	1	1	"Rìu Lưỡi Hái"			14	14	24	20	26	0	0	0	90	0	0	0	0	0	0	1	0	1	1	0	0
3	0	19	1	3	1	1	1	"Rìu Thợ Săn"			18	18	28	30	28	0	0	0	100	0	0	0	0	0	0	1	0	1	1	0	1
4	0	0	1	3	1	1	1	"Rìu Tiên Nữ"			26	26	38	40	32	0	0	0	50	70	0	0	0	0	1	0	1	1	0	1	0
5	0	19	2	3	1	1	1	"Rìu Chiến"			30	36	44	20	36	0	0	0	120	0	0	0	0	0	0	1	1	1	0	0	0
6	0	19	2	3	1	1	1	"Rìu Lưỡi Bạc"			34	38	50	30	44	0	0	0	130	0	0	0	0	0	0	1	1	1	0	0	0
7	0	19	2	3	1	1	1	"Rìu Lưỡi Vàng"			46	54	67	25	55	0	0	0	140	0	0	0	0	0	0	1	0	1	0	0	0
8	0	19	2	3	1	1	1	"Rìu Bán Nguyệt"			54	69	89	30	65	0	0	0	100	40	0	0	0	0	1	1	0	1	0	0	0
end

//Index	Slot	Skill	X	Y	Serial	Option	Drop	Name			level	DamageMin	DamageMax	AttackSpeed	Dur	MagicDur	MagicPW	ReqLvl	ReqStr	ReqDex	ReqEne	ReqVit	ReqLead	SetAttr	DW/SM	DK/BK	ELF/ME	MG	DL SUM	RF
2
0	0	0	1	3	1	1	1	"Chùy"			7	7	13	15	21	0	0	0	100	0	0	0	0	0	0	1	0	1	1	0	1
1	0	19	1	3	1	1	1	"Chùy Gai"			13	13	22	15	25	0	0	0	100	0	0	0	0	0	0	1	0	1	1	0	1
2	0	0	1	3	1	1	1	"Chùy Dây"			22	22	32	15	32	0	0	0	80	50	0	0	0	0	0	1	0	1	1	0	1
3	0	19	2	3	1	1	1	"Bùa Chiến"			38	45	56	15	50	0	0	0	150	0	0	0	0	0	0	1	0	1	0	0	1
4	0	19	2	3	1	1	1	"Chùy Băng"			66	78	107	30	72	0	0	0	130	0	0	0	0	0	1	1	1	1	0	0	1
5	0	23	2	4	1	1	1	"Kiếm Băng"			72	89	120	40	76	0	0	0	130	70	0	0	0	0	1	1	1	1	0	0	0
6	0	23	2	4	1	1	1	"Rìu Hỏa Long (Chaos)"			75	102	130	35	80	0	0	0	140	50	0	0	0	0	0	1	0	1	0	0	0
7	0	0	1	3	1	1	1	"Chùy Thánh Nữ"			90	62	80	50	50	0	0	0	15	42	0	0	0	0	0	0	2	0	0	0	0
8	0	66	1	3	1	1	1	"Trượng Chiến"			54	41	52	45	40	0	3	0	80	17	0	0	0	0	0	0	0	0	1	0	0
9	0	66	1	3	1	1	1	"Trượng Thép"			72	57	68	45	45	0	20	0	87	18	0	0	0	0	0	0	0	0	1	0	0
10	0	66	1	4	1	1	1	"Trượng Bóng Tối"			82	74	85	45	65	0	35	0	100	21	0	0	0	0	0	0	0	0	1	0	0
11	0	66	1	4	1	1	1	"Trượng Kim Cương"			98	91	102	40	72	0	52	0	105	23	0	0	0	0	0	0	0	0	1	0	0
12	0	66	1	4	1	1	1	"Trượng Đại Vương"			140	108	120	40	84	0	67	0	90	20	0	0	0	0	0	0	0	0	1	0	0
13	0	66	1	4	1	1	1	"Trượng Thiên Tử"			150	200	223	45	90	0	138	0	75	16	0	0	0	0	0	0	0	0	1	0	0
14	0	66	1	4	1	1	1	"Trượng Thái Dương"			146	130	153	40	95	0	84	380	80	15	0	0	0	0	0	0	0	0	1	0	0
15	0	66	1	4	1	1	1	"Trượng Tối Cao"			110	99	111	40	78	0	60	0	108	22	0	0	0	0	0	0	0	0	1	0	0
16	0	0	1	3	1	1	1	"Chùy Băng Tinh"			121	106	146	50	80	0	0	380	27	19	0	0	0	0	0	0	2	0	0	0	0
17	0	66	1	4	1	1	1	"Lôi Phong Trượng"			135	114	132	40	90	0	72	380	119	24	0	0	0	0	0	0	0	0	1	0	0
18	0	66	1	4	1	1	1	"Trượng Băng Giá"			147	112	124	40	86	0	70	0	87	20	0	0	0	0	0	0	0	0	1	0	0
end

//Index	Slot	Skill	X	Y	Serial	Option	Drop	Name			level	DamageMin	DamageMax	AttackSpeed	Dur	MagicDur	MagicPW	ReqLvl	ReqStr	ReqDex	ReqEne	ReqVit	ReqLead	SetAttr	DW/SM	DK/BK	ELF/ME	MG	DL SUM	RF
3
0	0	22	2	4	1	1	1	"Giáo Ánh Sáng"			42	50	63	25	56	0	0	0	60	70	0	0	0	0	0	1	1	1	0	0	0
1	0	0	2	4	1	1	1	"Giáo"			23	30	41	30	42	0	0	0	70	50	0	0	0	0	0	1	1	1	0	0	0
2	0	0	2	4	1	1	1	"Thương"			15	21	33	30	34	0	0	0	70	50	0	0	0	0	0	1	1	1	0	0	0
3	0	0	2	4	1	1	1	"Đinh Ba"			29	35	43	25	44	0	0	0	90	30	0	0	0	0	0	1	1	1	0	0	0
4	0	20	2	4	1	1	1	"Xà Giáo"			46	58	80	20	58	0	0	0	90	30	0	0	0	0	0	1	1	1	0	0	0
5	0	0	2	4	1	1	1	"Giáo Hai Lưỡi"			13	19	31	30	38	0	0	0	70	50	0	0	0	0	0	1	1	1	0	0	0
6	0	0	2	4	1	1	1	"Kích"			19	25	35	30	40	0	0	0	70	50	0	0	0	0	0	1	1	1	0	0	0
7	0	22	2	4	1	1	1	"Kích Hai Đầu"			37	42	54	30	54	0	0	0	80	50	0	0	0	0	0	1	1	1	0	0	0
8	0	22	2	4	1	1	1	"Lưỡi Hái"			54	71	92	25	68	0	0	0	90	50	0	0	0	0	0	1	1	1	0	0	0
9	0	22	2	4	1	1	1	"Lưỡi Hái Tử Thần"			63	76	102	25	74	0	0	0	80	50	0	0	0	0	0	1	1	1	0	0	0
10	0	22	2	4	1	1	1	"Đại Long Đao"			92	112	140	35	85	0	0	0	170	60	0	0	0	0	0	2	0	0	0	0	0
11	0	22	2	4	1	1	1	"Vuốt Quỷ"			147	190	226	40	90	0	0	0	152	25	0	0	0	0	0	2	0	1	0	0	0
end

//Index	Slot	Skill	X	Y	Serial	Option	Drop	Name			level	DamageMin	DamageMax	AttackSpeed	Dur	MagicDur	MagicPW	ReqLvl	ReqStr	ReqDex	ReqEne	ReqVit	ReqLead	SetAttr	DW/SM	DK/BK	ELF/ME	MG	DL SUM	RF
4
0	1	24	2	3	1	1	1	"Cung Nhỏ"			2	3	5	30	20	0	0	0	20	80	0	0	0	0	0	0	1	0	0	0	0
1	1	24	2	4	1	1	1	"Cung"			8	9	13	30	24	0	0	0	30	90	0	0	0	0	0	0	1	0	0	0	0
2	1	24	2	3	1	1	1	"Cung Hoa"			16	17	24	30	28	0	0	0	30	90	0	0	0	0	0	0	1	0	0	0	0
3	1	24	2	3	1	1	1	"Cung Chiến"			26	28	37	30	36	0	0	0	30	90	0	0	0	0	0	0	1	0	0	0	0
4	1	24	2	4	1	1	1	"Cung Hổ"			40	42	52	30	43	0	0	0	30	100	0	0	0	0	0	0	1	0	0	0	0
5	1	24	2	4	1	1	1	"Cung Bạc"			56	59	71	40	48	0	0	0	30	100	0	0	0	0	0	0	1	0	0	0	0
6	1	24	2	4	1	1	1	"Mai Hoa Cung (Chaos)"			75	88	106	35	68	0	0	0	40	150	0	0	0	0	0	0	1	0	0	0	0
7	1	0	1	1	1	1	1	"Tên Nỏ"			0	0	0	0	255	0	0	0	0	0	0	0	0	0	0	0	1	0	0	0	0
8	0	24	2	2	1	1	1	"Nỏ"			4	5	8	40	22	0	0	0	20	90	0	0	0	0	0	0	1	0	0	0	0
9	0	24	2	2	1	1	1	"Nỏ Vàng"			12	13	19	40	26	0	0	0	30	90	0	0	0	0	0	0	1	0	0	0	0
10	0	24	2	2	1	1	1	"Nỏ Thép"			20	22	30	40	31	0	0	0	30	90	0	0	0	0	0	0	1	0	0	0	0
11	0	24	2	3	1	1	1	"Nỏ Ánh Sáng"			32	35	44	40	40	0	0	0	30	90	0	0	0	0	0	0	1	0	0	0	0
12	0	24	2	3	1	1	1	"Nỏ Rắn"			48	50	61	40	45	0	0	0	30	100	0	0	0	0	0	0	1	0	0	0	0
13	0	24	2	3	1	1	1	"Nỏ Thiên Thanh"			68	68	82	40	56	0	0	0	40	110	0	0	0	0	0	0	1	0	0	0	0
14	0	24	2	3	1	1	1	"Nỏ Kim Ngân"			72	78	92	30	60	0	0	0	50	130	0	0	0	0	0	0	1	0	0	0	0
15	0	0	1	1	1	1	1	"Tên Cung"			0	0	0	0	255	0	0	0	0	0	0	0	0	0	0	0	1	0	0	0	0
16	0	24	2	4	1	1	1	"Nỏ Thánh"			84	102	127	35	72	0	0	0	50	160	0	0	0	0	0	0	1	0	0	0	0
17	1	24	2	4	1	1	1	"Cung Thiên Mệnh"			92	127	155	35	76	0	0	0	54	198	0	0	0	0	0	0	2	0	0	0	0
18	0	24	2	3	1	1	1	"Nỏ Hỏa Long"			100	224	246	45	200	0	0	0	40	110	0	0	0	0	0	0	1	0	0	0	0
19	0	24	2	3	1	1	1	"Nỏ Thánh Nữ"			100	150	172	40	80	0	0	0	61	285	0	0	0	0	0	0	2	0	0	0	0
20	1	24	2	4	1	1	1	"Mỹ Nhân Cung"			135	166	190	45	86	0	0	0	52	245	0	0	0	0	0	0	2	0	0	0	0
21	1	24	2	4	1	1	1	"Cung Thái Bình"			147	177	200	45	93	0	0	380	46	210	0	0	0	0	0	0	2	0	0	0	0
22	1	24	2	4	1	1	1	"Cung Thiên Thần"			110	155	177	45	70	0	0	0	60	265	0	0	0	0	0	0	2	0	0	0	0
23	1	24	2	4	1	1	1	"Cung Thiên Vũ"			134	162	184	45	80	0	0	380	32	209	0	0	0	0	0	0	2	0	0	0	0
24	1	24	2	4	1	1	1	"Cung Thần Ưng"			147	170	194	45	88	0	0	0	49	226	0	0	0	0	0	0	2	0	0	0	0
end

//Index	Slot	Skill	X	Y	Serial	Option	Drop	Name			level	DamageMin	DamageMax	AttackSpeed	Dur	MagicDur	MagicPW	ReqLvl	ReqStr	ReqDex	ReqEne	ReqVit	ReqLead	SetAttr	DW/SM	DK/BK	ELF/ME	MG	DL SUM	RF
5
0	0	0	1	3	1	1	1	"Gậy Xương"			6	3	4	20	0	20	6	0	40	0	0	0	0	0	1	0	0	1	0	1	0
1	0	0	2	3	1	1	1	"Gậy Tiên"			18	10	12	25	0	38	20	0	50	0	0	0	0	0	1	0	0	1	0	0	0
2	0	0	2	3	1	1	1	"Gậy Rắn"			30	17	18	25	0	50	34	0	50	0	0	0	0	0	1	0	0	1	0	0	0
3	0	0	2	4	1	1	1	"Gậy Sét"			42	23	25	25	0	60	46	0	40	10	0	0	0	0	1	0	0	1	0	0	0
4	0	0	2	4	1	1	1	"Gậy Đầu Lâu"			52	29	32	25	0	65	58	0	50	0	0	0	0	0	1	0	0	1	0	0	0
5	0	0	1	4	1	1	1	"Gậy Ma Thuật"			59	29	31	25	0	66	59	0	50	0	0	0	0	0	1	0	0	1	0	0	0
6	0	0	1	4	1	1	1	"Gậy Phục Sinh"			70	35	39	25	0	70	70	0	60	10	0	0	0	0	1	0	0	1	0	0	0
7	0	0	2	4	1	1	1	"Gậy Lôi Phong (Chaos)"			75	47	48	30	0	70	94	0	60	10	0	0	0	0	1	0	0	1	0	0	0
8	0	0	2	4	1	1	1	"Gậy Hủy Diệt"			90	50	54	30	0	85	101	0	60	10	0	0	0	0	1	0	0	1	0	0	0
9	0	0	1	4	1	1	1	"Gậy Triệu Hồn"			100	46	48	30	0	91	92	0	52	16	0	0	0	0	2	0	0	0	0	0	0
10	0	0	1	4	1	1	1	"Gậy Hỏa Long"			104	153	165	30	0	182	156	0	36	4	0	0	0	0	1	0	0	1	0	0	0
11	0	0	1	4	1	1	1	"Gậy KunDun"			140	55	61	30	0	95	110	0	45	16	0	0	0	0	2	0	0	1	0	0	0
12	0	0	1	4	1	1	1	"Gậy Thần Ma"			147	66	74	30	0	100	130	380	39	13	0	0	0	0	2	0	0	0	0	0	0
13	0	0	1	4	1	1	1	"Gậy Thiên Sứ"			110	51	53	30	0	78	120	0	50	16	0	0	0	0	2	0	0	0	0	0	0
14	0	0	1	4	1	1	1	"Gậy Phép Thuật"			28	17	18	25	0	50	34	0	34	14	0	0	0	0	0	0	0	0	0	1	0
15	0	0	1	4	1	1	1	"Gậy Gió"			42	23	25	25	0	60	46	0	33	17	0	0	0	0	0	0	0	0	0	1	0
16	0	0	1	4	1	1	1	"Gậy Triệu Hồi"			59	29	31	25	0	65	59	0	36	14	0	0	0	0	0	0	0	0	0	1	0
17	0	0	1	4	1	1	1	"Gậy Ánh Bạc"			78	38	40	25	0	81	76	0	50	19	0	0	0	0	0	0	0	0	0	1	0
18	0	0	1	4	1	1	1	"Khuyển Xích Quỷ"			100	46	48	30	0	91	92	0	54	15	0	0	0	0	0	0	0	0	0	2	0
19	0	0	1	4	1	1	1	"Khuyển Bão Điện"			110	51	53	30	0	95	110	380	64	15	0	0	0	0	0	0	0	0	0	2	0
21	1	223	1	2	1	1	1	"Sách Hỏa Kỳ Lân"			52	0	0	25	0	60	46	0	0	20	135	0	0	0	0	0	0	0	0	1	0
22	1	224	1	2	1	1	1	"Sách Quỷ Kiếm"			59	0	0	25	0	65	59	0	0	25	168	0	0	0	0	0	0	0	0	1	0
23	1	225	1	2	1	1	1	"Sách Ma Công"			65	0	0	25	0	50	72	0	0	30	201	0	0	0	0	0	0	0	0	1	0
30	0	0	1	4	1	1	1	"Gậy Giác Đấu"			138	57	59	30	0	91	126	380	47	18	0	0	0	0	0	0	0	1	0	0	0
31	0	0	1	4	1	1	1	"Gậy Quỷ Vương"			137	57	61	30	0	182	124	380	48	14	0	0	0	0	2	0	0	0	0	0	0
32	0	0	1	4	1	1	1	"Gậy Chiêm Tinh"			130	70	80	30	0	182	135	0	53	15	0	0	0	0	0	0	0	0	0	3	0
33	0	0	1	4	1	1	1	"Gậy Mãng Xà"			147	55	57	30	0	78	124	0	50	12	0	0	0	0	2	0	0	1	0	0	0
34	0	0	1	4	1	1	1	"Gậy Hồng Ngọc"			147	70	78	30	0	98	130	0	50	14	0	0	0	0	0	0	0	0	0	2	0
end

//Index	Slot	Skill	X	Y	Serial	Option	Drop	Name			level	Defense	SuccessfulBlocking	Dur	ReqLvl	ReqStr	ReqDex	ReqEne	ReqVit	ReqLead	SetAttr	DW/SM	DK/BK	ELF/ME	MG	DL SUM	RF
6
0	1	0	2	2	1	1	1	"Khiên Tròn"			3	1	3	22	0	70	0	0	0	0	0	1	1	1	1	1	0	0
1	1	0	2	2	1	1	1	"Khiên Sừng"			9	3	9	28	0	100	0	0	0	0	0	0	1	0	1	1	0	0
2	1	0	2	2	1	1	1	"Khiên Diều"			12	4	12	32	0	110	0	0	0	0	0	0	1	0	1	1	0	0
3	1	0	2	2	1	1	1	"Khiên Tiên Nữ"			21	8	21	36	0	30	100	0	0	0	0	0	0	1	0	0	0	0
4	1	18	2	2	1	1	1	"Khiên Sắt"			6	2	6	24	0	80	0	0	0	0	0	1	1	1	1	1	0	0
5	1	18	2	2	1	1	1	"Khiên Kim Long"			35	10	36	44	0	100	40	0	0	0	0	0	1	0	1	1	0	0
6	1	18	2	2	1	1	1	"Khiên Xương"			15	5	15	34	0	110	0	0	0	0	0	1	1	1	1	1	0	0
7	1	18	2	2	1	1	1	"Khiên Chông"			30	9	30	40	0	130	0	0	0	0	0	0	1	0	1	1	0	0
8	1	18	2	2	1	1	1	"Khiên Trụ"			40	11	40	46	0	130	0	0	0	0	0	0	1	1	1	1	0	0
9	1	18	2	2	1	1	1	"Khiên Gia Huy"			25	8	25	38	0	120	0	0	0	0	0	0	1	0	1	1	0	0
10	1	18	2	2	1	1	1	"Khiên Bạc"			18	6	18	35	0	120	0	0	0	0	0	0	1	0	1	1	0	0
11	1	18	2	2	1	1	1	"Khiên Xà"			45	12	45	48	0	130	0	0	0	0	0	0	1	1	1	1	0	0
12	1	18	2	2	1	1	1	"Khiên Ngưu Vương"			54	13	54	52	0	140	0	0	0	0	0	0	1	0	1	0	0	0
13	1	18	2	2	1	1	1	"Khiên Hỏa Long"			60	14	60	60	0	120	40	0	0	0	0	0	1	0	1	0	0	0
14	1	0	2	3	1	1	1	"Khiên Ma Thuật"			48	7	48	50	0	90	25	0	0	0	0	1	0	1	1	0	0	0
15	1	0	2	3	1	1	1	"Khiên Triệu Hồn"			74	12	55	55	0	70	23	0	0	0	0	2	0	0	0	0	0	0
16	1	0	2	2	1	1	1	"Khiên Thánh Nữ"			66	11	28	51	0	30	60	30	0	0	0	0	0	2	0	0	0	0
17	1	18	2	2	1	1	1	"Khiên Vinh Quang"			104	19	90	51	380	95	48	0	0	0	0	0	2	0	0	0	0	0
18	1	18	2	2	1	1	1	"Khiên Giác Đấu"			102	20	96	51	380	80	61	0	0	0	0	0	0	0	1	0	0	0
19	1	0	2	2	1	1	1	"Khiên Băng Tinh"			99	14	58	51	380	26	53	26	0	0	0	0	0	2	0	0	0	0
20	1	18	2	2	1	1	1	"Khiên Bạch Dương"			106	12	30	51	380	54	18	0	0	0	0	2	0	0	0	0	0	0
21	1	18	2	2	1	1	1	"Khiên Thập Tự"			70	16	75	65	0	140	55	0	0	0	0	0	0	0	0	1	0	0
end

//Index	Slot	Skill	X	Y	Serial	Option	Drop	Name			level	Defense	MagicDefense	Dur	ReqLvl	ReqStr	ReqDex	ReqEne	ReqVit	ReqLead	SetAttr	DW/SM	DK/BK	ELF/ME	MG	DL SUM	RF
7
0	2	0	2	2	1	1	1	"Mũ Đồng"			16	9	0	34	0	80	20	0	0	0	4	0	1	0	0	1	0	0
1	2	0	2	2	1	1	1	"Mũ Hỏa Long"			57	24	0	68	0	120	30	0	0	0	4	0	1	0	0	0	0	0
2	2	0	2	2	1	1	1	"Mũ Vải Thô"			5	4	0	28	0	20	0	0	0	0	4	1	0	0	0	0	0	0
3	2	0	2	2	1	1	1	"Mũ Ma Thuật"			50	18	0	42	0	30	0	0	0	0	4	1	0	0	0	0	0	0
4	2	0	2	2	1	1	1	"Mũ Xương"			18	9	0	30	0	30	0	0	0	0	4	1	0	0	0	0	0	0
5	2	0	2	2	1	1	1	"Mũ Da"			6	5	0	30	0	80	0	0	0	0	4	0	1	0	0	1	0	1
6	2	0	2	2	1	1	1	"Mũ Trâu Xanh"			26	12	0	40	0	110	0	0	0	0	4	0	1	0	0	1	0	1
7	2	0	2	2	1	1	1	"Mũ Nhân Sư"			32	13	0	36	0	30	0	0	0	0	4	1	0	0	0	0	0	0
8	2	0	2	2	1	1	1	"Mũ Thiên Kim"			36	17	0	44	0	100	30	0	0	0	4	0	1	0	0	0	0	1
9	2	0	2	2	1	1	1	"Mũ Thiết Phiến"			46	20	0	50	0	130	0	0	0	0	4	0	1	0	0	0	0	1
10	2	0	2	2	1	1	1	"Mũ Trinh Nữ"			6	4	0	22	0	30	60	0	0	0	4	0	0	1	0	0	0	0
11	2	0	2	2	1	1	1	"Mũ Lụa"			16	8	0	26	0	30	70	0	0	0	4	0	0	1	0	0	0	0
12	2	0	2	2	1	1	1	"Mũ Thiên Thanh"			28	12	0	32	0	30	80	0	0	0	4	0	0	1	0	0	0	0
13	2	0	2	2	1	1	1	"Mũ Ngọc Bích"			40	16	0	38	0	40	80	0	0	0	4	0	0	1	0	0	0	0
14	2	0	2	2	1	1	1	"Mũ Kim Ngân"			53	23	0	45	0	40	80	0	0	0	4	0	0	1	0	0	0	0
16	2	0	2	2	1	1	1	"Mũ Hắc Long"			82	30	0	74	0	170	60	0	0	0	4	0	1	0	0	0	0	0
17	2	0	2	2	1	1	1	"Mũ Phượng Hoàng"			92	43	0	80	0	205	62	0	0	0	4	0	2	0	0	0	0	0
18	2	0	2	2	1	1	1	"Mũ Triệu Hồn"			81	27	0	67	0	59	20	0	0	0	4	2	0	0	0	0	0	0
19	2	0	2	2	1	1	1	"Mũ Giai Nhân"			85	37	0	74	0	50	110	0	0	0	4	0	0	2	0	0	0	0
21	2	0	2	2	1	1	1	"Mũ Thần Long"			104	53	0	86	0	200	58	0	0	0	4	0	2	0	0	0	0	0
22	2	0	2	2	1	1	1	"Mũ Ma Vương"			110	36	0	75	0	55	18	0	0	0	4	2	0	0	0	0	0	0
24	2	0	2	2	1	1	1	"Mũ Thánh Nữ"			93	46	0	80	0	52	115	0	0	0	4	0	0	2	0	0	0	0
25	2	0	2	2	1	1	1	"Mũ Thiết Ma"			46	20	0	42	0	70	20	0	0	0	4	0	0	0	0	1	0	0
26	2	0	2	2	1	1	1	"Mũ Huyền Thiết"			66	24	0	56	0	77	21	0	0	0	4	0	0	0	0	1	0	0
27	2	0	2	2	1	1	1	"Mũ Hắc Vương"			86	26	0	70	0	84	22	0	0	0	4	0	0	0	0	1	0	0
28	2	0	2	2	1	1	1	"Mũ Chí Tôn"			106	34	0	78	0	80	21	0	0	0	4	0	0	0	0	1	0	0
29	2	0	2	2	1	1	1	"Mũ Quyền Năng"			130	66	0	90	380	170	60	0	0	0	0	0	2	0	0	0	0	0
30	2	0	2	2	1	1	1	"Mũ Thần Ma"			126	48	0	86	380	44	15	0	0	0	0	2	0	0	0	0	0	0
31	2	0	2	2	1	1	1	"Mũ Thái Bình"			126	57	0	86	380	38	80	0	0	0	0	0	0	2	0	0	0	0
33	2	0	2	2	1	1	1	"Mũ Thái Dương"			130	46	0	82	380	62	16	0	0	0	0	0	0	0	0	1	0	0
34	2	0	2	2	1	1	1	"Mũ Hắc Điểu"			67	27	0	72	0	160	50	0	0	0	0	0	1	0	0	0	0	0
35	2	0	2	2	1	1	1	"Mũ Ánh Trăng"			67	22	0	54	0	53	12	0	0	0	0	1	0	0	0	0	0	0
36	2	0	2	2	1	1	1	"Mũ Nữ Thần"			67	30	0	59	0	50	70	0	0	0	0	0	0	1	0	0	0	0
38	2	0	2	2	1	1	1	"Mũ Hoàng Kim"			97	30	0	74	0	80	21	0	0	0	0	0	0	0	0	1	0	0
39	2	0	2	2	1	1	1	"Mũ Thuật Sĩ"			28	13	0	36	0	31	0	0	0	0	4	0	0	0	0	0	1	0
40	2	0	2	2	1	1	1	"Mũ Hỏa Thiên"			50	18	0	42	0	26	4	0	0	0	4	0	0	0	0	0	1	0
41	2	0	2	2	1	1	1	"Mũ Ma Pháp"			68	24	0	54	0	52	16	0	0	0	4	0	0	0	0	0	1	0
42	2	0	2	2	1	1	1	"Mũ Phục Ma"			81	32	0	67	0	60	20	0	0	0	0	0	0	0	0	0	2	0
43	2	0	2	2	1	1	1	"Mũ Bão Điện"			110	43	0	75	380	56	20	0	0	0	0	0	0	0	0	0	2	0
44	2	0	2	2	1	1	1	"Mũ Nữ Vương"			116	35	0	86	380	62	20	170	0	0	0	0	0	0	0	0	2	0
45	2	0	2	2	1	1	1	"Mũ Thần Thoại"			111	63	0	86	380	222	32	0	0	0	0	0	1	0	0	0	0	0
46	2	0	2	2	1	1	1	"Mũ Hoàng Long"			107	51	0	86	380	74	162	0	0	0	0	0	1	0	0	0	0	0
49	2	0	2	2	1	1	1	"Mũ Thiên Vũ"			111	50	0	86	380	55	197	0	0	0	0	0	0	1	0	0	0	0
50	2	0	2	2	1	1	1	"Mũ Anh Vũ"			104	44	0	86	380	32	29	138	0	0	0	0	0	1	0	0	0	0
51	2	0	2	2	1	1	1	"Mũ Đế Vương"			111	44	0	86	380	105	38	0	0	0	0	0	0	0	0	1	0	0
52	2	0	2	2	1	1	1	"Mũ Quỷ Vương"			109	41	0	86	380	60	15	181	0	0	0	1	0	0	0	0	0	0
53	2	0	2	2	1	1	1	"Mũ Chiêm Tinh"			112	80	0	86	380	60	15	0	0	0	0	0	0	0	0	0	3	0
59	2	0	2	2	1	1	1	"Mũ Địa Long"			54	24	0	52	0	85	0	0	75	0	0	0	0	0	0	0	0	1
60	2	0	2	2	1	1	1	"Mũ Bạch Hổ"			70	32	0	68	0	100	0	0	90	0	0	0	0	0	0	0	0	1
61	2	0	2	2	1	1	1	"Mũ Quyền Lực"			90	45	0	82	0	115	0	0	100	0	0	0	0	0	0	0	0	1
73	2	0	2	2	1	1	1	"Mũ Bạch Long"			128	60	0	88	380	97	0	0	85	0	0	0	0	0	0	0	0	1
77	2	0	2	2	1	1	1	"Mũ Huyết Long"			128	60	0	88	380	97	0	0	85	0	0	0	0	0	0	0	0	3
end

//Index	Slot	Skill	X	Y	Serial	Option	Drop	Name			level	Defense	MagicDefense	Dur	ReqLvl	ReqStr	ReqDex	ReqEne	ReqVit	ReqLead	SetAttr	DW/SM	DK/BK	ELF/ME	MG	DL SUM	RF
8
0	3	0	2	2	1	1	1	"Áo Đồng"			18	14	0	34	0	80	20	0	0	0	4	0	1	0	1	1	0	0
1	3	0	2	2	1	1	1	"Áo Hỏa Long"			59	37	0	68	0	120	30	0	0	0	4	0	1	0	1	0	0	0
2	3	0	2	2	1	1	1	"Áo Vải Thô"			10	7	0	28	0	30	0	0	0	0	4	1	0	0	1	0	0	0
3	3	0	2	2	1	1	1	"Áo Ma Thuật"			56	22	0	42	0	40	0	0	0	0	4	1	0	0	1	0	0	0
4	3	0	2	2	1	1	1	"Áo Xương"			22	13	0	30	0	40	0	0	0	0	4	1	0	0	1	0	0	0
5	3	0	2	2	1	1	1	"Áo Da"			10	10	0	30	0	80	0	0	0	0	4	0	1	0	1	1	0	1
6	3	0	2	2	1	1	1	"Áo Trâu Xanh"			28	18	0	40	0	110	0	0	0	0	4	0	1	0	1	1	0	1
7	3	0	2	2	1	1	1	"Áo Nhân Sư"			38	17	0	36	0	40	0	0	0	0	4	1	0	0	1	0	0	0
8	3	0	2	2	1	1	1	"Áo Thiên Kim"			38	22	0	44	0	100	30	0	0	0	4	0	1	0	1	0	0	1
9	3	0	2	2	1	1	1	"Áo Thiết Phiến"			48	30	0	50	0	130	0	0	0	0	4	0	1	0	1	0	0	1
10	3	0	2	2	1	1	1	"Áo Trinh Nữ"			10	8	0	22	0	30	60	0	0	0	4	0	0	1	0	0	0	0
11	3	0	2	2	1	1	1	"Áo Lụa"			20	12	0	26	0	30	70	0	0	0	4	0	0	1	0	0	0	0
12	3	0	2	2	1	1	1	"Áo Thiên Thanh"			32	16	0	32	0	30	80	0	0	0	4	0	0	1	0	0	0	0
13	3	0	2	2	1	1	1	"Áo Ngọc Bích"			44	21	0	38	0	40	80	0	0	0	4	0	0	1	0	0	0	0
14	3	0	2	2	1	1	1	"Áo Kim Ngân"			57	29	0	45	0	40	80	0	0	0	4	0	0	1	0	0	0	0
15	3	0	2	2	1	1	1	"Áo Phong Vũ"			80	44	0	80	0	150	70	0	0	0	4	0	0	0	1	0	0	0
16	3	0	2	2	1	1	1	"Áo Hắc Long"			90	48	0	74	0	170	60	0	0	0	4	0	1	0	0	0	0	0
17	3	0	2	2	1	1	1	"Áo Phượng Hoàng"			100	63	0	80	0	214	65	0	0	0	4	0	2	0	0	0	0	0
18	3	0	2	2	1	1	1	"Áo Triệu Hồn"			91	33	0	67	0	59	20	0	0	0	4	2	0	0	0	0	0	0
19	3	0	2	2	1	1	1	"Áo Giai Nhân"			92	44	0	74	0	50	110	0	0	0	4	0	0	2	0	0	0	0
20	3	0	2	2	1	1	1	"Áo Lôi Phong"			107	60	0	82	0	170	70	0	0	0	4	0	0	0	1	0	0	0
21	3	0	2	2	1	1	1	"Áo Thần Long"			126	75	0	86	0	200	58	0	0	0	4	0	2	0	0	0	0	0
22	3	0	2	2	1	1	1	"Áo Ma Vương"			122	43	0	75	0	55	18	0	0	0	4	2	0	0	0	0	0	0
23	3	0	2	2	1	1	1	"Áo Cuồng Phong"			128	73	0	90	0	162	66	0	0	0	4	0	0	0	1	0	0	0
24	3	0	2	2	1	1	1	"Áo Thánh Nữ"			109	55	0	80	0	52	115	0	0	0	4	0	0	2	0	0	0	0
25	3	0	2	2	1	1	1	"Áo Thiết Ma"			62	25	0	42	0	70	20	0	0	0	4	0	0	0	0	1	0	0
26	3	0	2	2	1	1	1	"Áo Huyền Thiết"			78	36	0	56	0	77	21	0	0	0	4	0	0	0	0	1	0	0
27	3	0	2	2	1	1	1	"Áo Hắc Vương"			96	43	0	70	0	84	22	0	0	0	4	0	0	0	0	1	0	0
28	3	0	2	2	1	1	1	"Áo Chí Tôn"			117	51	0	78	0	80	21	0	0	0	4	0	0	0	0	1	0	0
29	3	0	2	2	1	1	1	"Áo Quyền Năng"			140	88	0	90	380	170	60	0	0	0	0	0	2	0	0	0	0	0
30	3	0	2	2	1	1	1	"Áo Thần Ma"			146	57	0	86	380	44	15	0	0	0	0	2	0	0	0	0	0	0
31	3	0	2	2	1	1	1	"Áo Thái Bình"			146	68	0	86	380	38	80	0	0	0	0	0	0	2	0	0	0	0
32	3	0	2	2	1	1	1	"Áo Hồng Long"			147	86	0	95	380	145	60	0	0	0	0	0	0	0	1	0	0	0
33	3	0	2	2	1	1	1	"Áo Thái Dương"			147	64	0	82	380	62	16	0	0	0	0	0	0	0	0	1	0	0
34	3	0	2	2	1	1	1	"Áo Hắc Điểu"			75	42	0	72	0	160	50	0	0	0	0	0	1	0	0	0	0	0
35	3	0	2	2	1	1	1	"Áo Ánh Trăng"			75	27	0	54	0	53	12	0	0	0	0	1	0	0	0	0	0	0
36	3	0	2	2	1	1	1	"Áo Nữ Thần"			75	36	0	59	0	50	70	0	0	0	0	0	0	1	0	0	0	0
37	3	0	2	2	1	1	1	"Áo Hỏa Thần"			105	52	0	81	0	155	50	0	0	0	0	0	0	0	1	0	0	0
38	3	0	2	2	1	1	1	"Áo Hoàng Kim"			105	47	0	74	0	80	21	0	0	0	0	0	0	0	0	1	0	0
39	3	0	2	2	1	1	1	"Áo Thuật Sĩ"			34	22	0	36	0	39	0	0	0	0	4	0	0	0	0	0	1	0
40	3	0	2	2	1	1	1	"Áo Hỏa Thiên"			56	28	0	42	0	35	8	0	0	0	4	0	0	0	0	0	1	0
41	3	0	2	2	1	1	1	"Áo Ma Pháp"			75	35	0	54	0	52	16	0	0	0	4	0	0	0	0	0	1	0
42	3	0	2	2	1	1	1	"Áo Phục Ma"			91	45	0	67	0	60	20	0	0	0	0	0	0	0	0	0	2	0
43	3	0	2	2	1	1	1	"Áo Bão Điện"			122	56	0	75	380	57	19	0	0	0	0	0	0	0	0	0	2	0
44	3	0	2	2	1	1	1	"Áo Nữ Vương"			131	49	0	86	380	62	20	170	0	0	0	0	0	0	0	0	2	0
45	3	0	2	2	1	1	1	"Áo Thần Thoại"			132	81	0	86	380	222	32	0	0	0	0	0	1	0	0	0	0	0
46	3	0	2	2	1	1	1	"Áo Hoàng Long"			128	62	0	86	380	74	162	0	0	0	0	0	1	0	0	0	0	0
47	3	0	2	2	1	1	1	"Áo Bóng Ma"			131	80	0	86	380	212	57	0	0	0	0	0	0	0	1	0	0	0
48	3	0	2	2	1	1	1	"Áo Hủy Diệt"			125	66	0	86	380	62	19	165	0	0	0	0	0	0	1	0	0	0
49	3	0	2	2	1	1	1	"Áo Thiên Vũ"			129	60	0	86	380	55	197	0	0	0	0	0	0	1	0	0	0	0
50	3	0	2	2	1	1	1	"Áo Anh Vũ"			122	52	0	86	380	32	29	138	0	0	0	0	0	1	0	0	0	0
51	3	0	2	2	1	1	1	"Áo Đế Vương"			132	58	0	86	380	105	38	0	0	0	0	0	0	0	0	1	0	0
52	3	0	2	2	1	1	1	"Áo Quỷ Vương"			129	50	0	86	380	60	15	181	0	0	0	1	0	0	0	0	0	0
53	3	0	2	2	1	1	1	"Áo Chiêm Tinh"			131	80	0	86	380	60	15	0	0	0	0	0	0	0	0	0	3	0
59	3	0	2	2	1	1	1	"Áo Địa Long"			66	43	0	52	0	85	0	0	75	0	0	0	0	0	0	0	0	1
60	3	0	2	2	1	1	1	"Áo Bạch Hổ"			82	51	0	68	0	100	0	0	90	0	0	0	0	0	0	0	0	1
61	3	0	2	2	1	1	1	"Áo Quyền Lực"			101	59	0	82	0	115	0	0	100	0	0	0	0	0	0	0	0	1
73	3	0	2	2	1	1	1	"Áo Bạch Long"			143	78	0	88	380	97	0	0	85	0	0	0	0	0	0	0	0	1
77	3	0	2	2	1	1	1	"Áo Huyết Long"			143	78	0	88	380	97	0	0	85	0	0	0	0	0	0	0	0	3
end

//Index	Slot	Skill	X	Y	Serial	Option	Drop	Name			level	Defense	MagicDefense	Dur	ReqLvl	ReqStr	ReqDex	ReqEne	ReqVit	ReqLead	SetAttr	DW/SM	DK/BK	ELF/ME	MG	DL SUM	RF
9
0	4	0	2	2	1	1	1	"Quần Đồng"			15	10	0	34	0	80	20	0	0	0	4	0	1	0	1	1	0	0
1	4	0	2	2	1	1	1	"Quần Hỏa Long"			55	26	0	68	0	120	30	0	0	0	4	0	1	0	1	0	0	0
2	4	0	2	2	1	1	1	"Quần Vải Thô"			8	5	0	28	0	30	0	0	0	0	4	1	0	0	1	0	0	0
3	4	0	2	2	1	1	1	"Quần Ma Thuật"			53	20	0	42	0	40	0	0	0	0	4	1	0	0	1	0	0	0
4	4	0	2	2	1	1	1	"Quần Xương"			20	10	0	30	0	40	0	0	0	0	4	1	0	0	1	0	0	0
5	4	0	2	2	1	1	1	"Quần Da"			8	7	0	30	0	80	0	0	0	0	4	0	1	0	1	1	0	1
6	4	0	2	2	1	1	1	"Quần Trâu Xanh"			25	14	0	40	0	110	0	0	0	0	4	0	1	0	1	1	0	1
7	4	0	2	2	1	1	1	"Quần Nhân Sư"			34	15	0	36	0	40	0	0	0	0	4	1	0	0	1	0	0	0
8	4	0	2	2	1	1	1	"Quần Thiên Kim"			35	18	0	44	0	100	30	0	0	0	4	0	1	0	1	0	0	1
9	4	0	2	2	1	1	1	"Quần Thiết Phiến"			45	22	0	50	0	130	0	0	0	0	4	0	1	0	1	0	0	1
10	4	0	2	2	1	1	1	"Quần Trinh Nữ"			8	6	0	22	0	30	60	0	0	0	4	0	0	1	0	0	0	0
11	4	0	2	2	1	1	1	"Quần Lụa"			18	10	0	26	0	30	70	0	0	0	4	0	0	1	0	0	0	0
12	4	0	2	2	1	1	1	"Quần Thiên Thanh"			30	14	0	32	0	30	80	0	0	0	4	0	0	1	0	0	0	0
13	4	0	2	2	1	1	1	"Quần Ngọc Bích"			42	18	0	38	0	40	80	0	0	0	4	0	0	1	0	0	0	0
14	4	0	2	2	1	1	1	"Quần Kim Ngân"			54	25	0	45	0	40	80	0	0	0	4	0	0	1	0	0	0	0
15	4	0	2	2	1	1	1	"Quần Phong Vũ"			74	34	0	80	0	150	70	0	0	0	4	0	0	0	1	0	0	0
16	4	0	2	2	1	1	1	"Quần Hắc Long"			84	40	0	74	0	170	60	0	0	0	4	0	1	0	0	0	0	0
17	4	0	2	2	1	1	1	"Quần Phượng Hoàng"			96	54	0	80	0	207	63	0	0	0	4	0	2	0	0	0	0	0
18	4	0	2	2	1	1	1	"Quần Triệu Hồn"			86	30	0	67	0	59	20	0	0	0	4	2	0	0	0	0	0	0
19	4	0	2	2	1	1	1	"Quần Giai Nhân"			88	39	0	74	0	50	110	0	0	0	4	0	0	2	0	0	0	0
20	4	0	2	2	1	1	1	"Quần Lôi Phong"			99	49	0	82	0	150	70	0	0	0	4	0	0	0	1	0	0	0
21	4	0	2	2	1	1	1	"Quần Thần Long"			113	65	0	86	0	200	58	0	0	0	4	0	2	0	0	0	0	0
22	4	0	2	2	1	1	1	"Quần Ma Vương"			117	39	0	75	0	55	18	0	0	0	4	2	0	0	0	0	0	0
23	4	0	2	2	1	1	1	"Quần Cuồng Phong"			122	61	0	90	0	162	66	0	0	0	4	0	0	0	1	0	0	0
24	4	0	2	2	1	1	1	"Quần Thánh Nữ"			100	48	0	80	0	52	115	0	0	0	4	0	0	2	0	0	0	0
25	4	0	2	2	1	1	1	"Quần Thiết Ma"			50	21	0	42	0	70	20	0	0	0	4	0	0	0	0	1	0	0
26	4	0	2	2	1	1	1	"Quần Huyền Thiết"			70	26	0	56	0	77	21	0	0	0	4	0	0	0	0	1	0	0
27	4	0	2	2	1	1	1	"Quần Hắc Vương"			92	31	0	70	0	84	22	0	0	0	4	0	0	0	0	1	0	0
28	4	0	2	2	1	1	1	"Quần Chí Tôn"			110	39	0	78	0	80	21	0	0	0	4	0	0	0	0	1	0	0
29	4	0	2	2	1	1	1	"Quần Quyền Năng"			134	78	0	90	380	170	60	0	0	0	0	0	2	0	0	0	0	0
30	4	0	2	2	1	1	1	"Quần Thần Ma"			135	55	0	86	380	44	15	0	0	0	0	2	0	0	0	0	0	0
31	4	0	2	2	1	1	1	"Quần Thái Bình"			135	61	0	86	380	38	80	0	0	0	0	0	0	2	0	0	0	0
32	4	0	2	2	1	1	1	"Quần Hồng Long"			135	74	0	95	380	145	60	0	0	0	0	0	0	0	1	0	0	0
33	4	0	2	2	1	1	1	"Quần Thái Dương"			140	52	0	82	380	62	16	0	0	0	0	0	0	0	0	1	0	0
34	4	0	2	2	1	1	1	"Quần Hắc Điểu"			69	33	0	72	0	160	50	0	0	0	0	0	1	0	0	0	0	0
35	4	0	2	2	1	1	1	"Quần Ánh Trăng"			69	25	0	54	0	53	12	0	0	0	0	1	0	0	0	0	0	0
36	4	0	2	2	1	1	1	"Quần Nữ Thần"			69	32	0	59	0	50	70	0	0	0	0	0	0	1	0	0	0	0
37	4	0	2	2	1	1	1	"Quần Hỏa Thần"			101	41	0	81	0	155	50	0	0	0	0	0	0	0	1	0	0	0
38	4	0	2	2	1	1	1	"Quần Hoàng Kim"			101	35	0	74	0	80	21	0	0	0	0	0	0	0	0	1	0	0
39	4	0	2	2	1	1	1	"Quần Thuật Sĩ"			30	16	0	36	0	36	0	0	0	0	4	0	0	0	0	0	1	0
40	4	0	2	2	1	1	1	"Quần Hỏa Thiên"			53	22	0	42	0	35	7	0	0	0	4	0	0	0	0	0	1	0
41	4	0	2	2	1	1	1	"Quần Ma Pháp"			72	28	0	54	0	49	16	0	0	0	4	0	0	0	0	0	1	0
42	4	0	2	2	1	1	1	"Quần Phục Ma"			86	37	0	67	0	60	20	0	0	0	0	0	0	0	0	0	2	0
43	4	0	2	2	1	1	1	"Quần Bão Điện"			117	49	0	75	380	57	19	0	0	0	0	0	0	0	0	0	2	0
44	4	0	2	2	1	1	1	"Quần Nữ Vương"			122	41	0	86	380	62	20	170	0	0	0	0	0	0	0	0	2	0
45	4	0	2	2	1	1	1	"Quần Thần Thoại"			116	74	0	86	380	222	32	0	0	0	0	0	1	0	0	0	0	0
46	4	0	2	2	1	1	1	"Quần Hoàng Long"			112	58	0	86	380	74	162	0	0	0	0	0	1	0	0	0	0	0
47	4	0	2	2	1	1	1	"Quần Bóng Ma"			115	66	0	86	380	212	57	0	0	0	0	0	0	0	1	0	0	0
48	4	0	2	2	1	1	1	"Quần Hủy Diệt"			113	51	0	86	380	62	19	165	0	0	0	0	0	0	1	0	0	0
49	4	0	2	2	1	1	1	"Quần Thiên Vũ"			116	53	0	86	380	55	197	0	0	0	0	0	0	1	0	0	0	0
50	4	0	2	2	1	1	1	"Quần Anh Vũ"			109	46	0	86	380	32	29	138	0	0	0	0	0	1	0	0	0	0
51	4	0	2	2	1	1	1	"Quần Đế Vương"			116	46	0	86	380	105	38	0	0	0	0	0	0	0	0	1	0	0
52	4	0	2	2	1	1	1	"Quần Quỷ Vương"			114	44	0	86	380	60	15	181	0	0	0	1	0	0	0	0	0	0
53	4	0	2	2	1	1	1	"Quần Chiêm Tinh"			115	80	0	86	380	60	15	0	0	0	0	0	0	0	0	0	3	0
59	4	0	2	2	1	1	1	"Quần Địa Long"			62	33	0	52	0	85	0	0	75	0	0	0	0	0	0	0	0	1
60	4	0	2	2	1	1	1	"Quần Bạch Hổ"			78	41	0	68	0	100	0	0	90	0	0	0	0	0	0	0	0	1
61	4	0	2	2	1	1	1	"Quần Quyền Lực"			95	49	0	82	0	115	0	0	100	0	0	0	0	0	0	0	0	1
73	4	0	2	2	1	1	1	"Quần Bạch Long"			134	68	0	88	380	97	0	0	85	0	0	0	0	0	0	0	0	1
77	4	0	2	2	1	1	1	"Quần Huyết Long"			134	68	0	88	380	97	0	0	85	0	0	0	0	0	0	0	0	3
end

//Index	Slot	Skill	X	Y	Serial	Option	Drop	Name			level	Defense	AttackSpeed	Dur	ReqLvl	ReqStr	ReqDex	ReqEne	ReqVit	ReqLead	SetAttr	DW/SM	DK/BK	ELF/ME	MG	DL SUM	RF
10
0	5	0	2	2	1	1	1	"Găng Đồng"			13	4	4	34	0	80	20	0	0	0	4	0	1	0	1	1	0	0
1	5	0	2	2	1	1	1	"Găng Hỏa Long"			52	14	6	68	0	120	30	0	0	0	4	0	1	0	1	0	0	0
2	5	0	2	2	1	1	1	"Găng Vải Thô"			3	2	0	28	0	20	0	0	0	0	4	1	0	0	1	0	0	0
3	5	0	2	2	1	1	1	"Găng Ma Thuật"			44	11	0	42	0	20	0	0	0	0	4	1	0	0	1	0	0	0
4	5	0	2	2	1	1	1	"Găng Xương"			14	5	0	30	0	20	0	0	0	0	4	1	0	0	1	0	0	0
5	5	0	2	2	1	1	1	"Găng Da"			4	2	8	30	0	80	0	0	0	0	4	0	1	0	1	1	0	0
6	5	0	2	2	1	1	1	"Găng Trâu Xanh"			22	7	10	40	0	110	0	0	0	0	4	0	1	0	1	1	0	0
7	5	0	2	2	1	1	1	"Găng Nhân Sư"			28	8	0	36	0	20	0	0	0	0	4	1	0	0	1	0	0	0
8	5	0	2	2	1	1	1	"Găng Thiên Kim"			32	9	8	44	0	100	30	0	0	0	4	0	1	0	1	0	0	0
9	5	0	2	2	1	1	1	"Găng Thiết Phiến"			42	12	4	50	0	130	0	0	0	0	4	0	1	0	1	0	0	0
10	5	0	2	2	1	1	1	"Găng Trinh Nữ"			4	2	4	22	0	30	60	0	0	0	4	0	0	1	0	0	0	0
11	5	0	2	2	1	1	1	"Găng Lụa"			14	4	8	26	0	30	70	0	0	0	4	0	0	1	0	0	0	0
12	5	0	2	2	1	1	1	"Găng Thiên Thanh"			26	6	10	32	0	30	80	0	0	0	4	0	0	1	0	0	0	0
13	5	0	2	2	1	1	1	"Găng Ngọc Bích"			38	9	4	38	0	40	80	0	0	0	4	0	0	1	0	0	0	0
14	5	0	2	2	1	1	1	"Găng Kim Ngân"			50	15	6	45	0	40	80	0	0	0	4	0	0	1	0	0	0	0
15	5	0	2	2	1	1	1	"Găng Phong Vũ"			70	20	6	80	0	150	70	0	0	0	4	0	0	0	1	0	0	0
16	5	0	2	2	1	1	1	"Găng Hắc Long"			76	22	6	74	0	170	60	0	0	0	4	0	1	0	0	0	0	0
17	5	0	2	2	1	1	1	"Găng Phượng Hoàng"			86	37	6	80	0	205	63	0	0	0	4	0	2	0	0	0	0	0
18	5	0	2	2	1	1	1	"Găng Triệu Hồn"			70	20	5	67	0	49	10	0	0	0	4	2	0	0	0	0	0	0
19	5	0	2	2	1	1	1	"Găng Giai Nhân"			72	29	6	74	0	50	110	0	0	0	4	0	0	2	0	0	0	0
20	5	0	2	2	1	1	1	"Găng Lôi Phong"			88	34	7	82	0	150	70	0	0	0	4	0	0	0	1	0	0	0
21	5	0	2	2	1	1	1	"Găng Thần Long"			94	48	6	86	0	200	58	0	0	0	4	0	2	0	0	0	0	0
22	5	0	2	2	1	1	1	"Găng Ma Vương"			87	30	6	75	0	55	18	0	0	0	4	2	0	0	0	0	0	0
23	5	0	2	2	1	1	1	"Găng Cuồng Phong"			102	45	7	90	0	162	66	0	0	0	4	0	0	0	1	0	0	0
24	5	0	2	2	1	1	1	"Găng Thánh Nữ"			84	38	6	80	0	52	115	0	0	0	4	0	0	2	0	0	0	0
25	5	0	2	2	1	1	1	"Găng Thiết Ma"			42	12	7	42	0	70	20	0	0	0	4	0	0	0	0	1	0	0
26	5	0	2	2	1	1	1	"Găng Huyền Thiết"			57	18	6	56	0	77	21	0	0	0	4	0	0	0	0	1	0	0
27	5	0	2	2	1	1	1	"Găng Hắc Vương"			75	21	5	70	0	84	22	0	0	0	4	0	0	0	0	1	0	0
28	5	0	2	2	1	1	1	"Găng Chí Tôn"			89	29	4	78	0	80	21	0	0	0	4	0	0	0	0	1	0	0
29	5	0	2	2	1	1	1	"Găng Quyền Năng"			114	60	7	90	380	170	60	0	0	0	0	0	2	0	0	0	0	0
30	5	0	2	2	1	1	1	"Găng Thần Ma"			111	44	7	86	380	44	15	0	0	0	0	2	0	0	0	0	0	0
31	5	0	2	2	1	1	1	"Găng Thái Bình"			111	50	7	86	380	38	80	0	0	0	0	0	0	2	0	0	0	0
32	5	0	2	2	1	1	1	"Găng Hồng Long"			127	55	7	95	380	145	60	0	0	0	0	0	0	0	1	0	0	0
33	5	0	2	2	1	1	1	"Găng Thái Dương"			110	40	5	82	380	62	16	0	0	0	0	0	0	0	0	1	0	0
34	5	0	2	2	1	1	1	"Găng Hắc Điểu"			61	18	6	72	0	160	50	0	0	0	0	0	1	0	0	0	0	0
35	5	0	2	2	1	1	1	"Găng Ánh Trăng"			61	15	6	54	0	53	12	0	0	0	0	1	0	0	0	0	0	0
36	5	0	2	2	1	1	1	"Găng Nữ Thần"			61	22	6	59	0	50	70	0	0	0	0	0	0	1	0	0	0	0
37	5	0	2	2	1	1	1	"Găng Hỏa Thần"			91	27	7	81	0	155	50	0	0	0	0	0	0	0	1	0	0	0
38	5	0	2	2	1	1	1	"Găng Hoàng Kim"			91	25	5	74	0	80	21	0	0	0	0	0	0	0	0	1	0	0
39	5	0	2	2	1	1	1	"Găng Thuật Sĩ"			24	9	6	36	0	22	0	0	0	0	4	0	0	0	0	0	1	0
40	5	0	2	2	1	1	1	"Găng Hỏa Thiên"			44	13	8	42	0	18	4	0	0	0	4	0	0	0	0	0	1	0
41	5	0	2	2	1	1	1	"Găng Ma Pháp"			61	19	7	54	0	52	16	0	0	0	4	0	0	0	0	0	1	0
42	5	0	2	2	1	1	1	"Găng Phục Ma"			70	26	6	67	0	50	10	0	0	0	0	0	0	0	0	0	2	0
43	5	0	2	2	1	1	1	"Găng Bão Điện"			87	34	6	75	380	56	20	0	0	0	0	0	0	0	0	0	2	0
44	5	0	2	2	1	1	1	"Găng Nữ Vương"			102	29	0	86	380	62	20	170	0	0	0	0	0	0	0	0	2	0
45	5	0	2	2	1	1	1	"Găng Thần Thoại"			100	56	7	86	380	222	32	0	0	0	0	0	1	0	0	0	0	0
46	5	0	2	2	1	1	1	"Găng Hoàng Long"			97	42	7	86	380	74	162	0	0	0	0	0	1	0	0	0	0	0
47	5	0	2	2	1	1	1	"Găng Bóng Ma"			101	49	7	86	380	212	57	0	0	0	0	0	0	0	1	0	0	0
48	5	0	2	2	1	1	1	"Găng Hủy Diệt"			99	40	7	86	380	62	19	165	0	0	0	0	0	0	1	0	0	0
49	5	0	2	2	1	1	1	"Găng Thiên Vũ"			100	43	7	86	380	55	197	0	0	0	0	0	0	1	0	0	0	0
50	5	0	2	2	1	1	1	"Găng Anh Vũ"			95	36	7	86	380	32	29	138	0	0	0	0	0	1	0	0	0	0
51	5	0	2	2	1	1	1	"Găng Đế Vương"			101	34	7	86	380	105	38	0	0	0	0	0	0	0	0	1	0	0
52	5	0	2	2	1	1	1	"Găng Quỷ Vương"			100	31	7	86	380	60	15	181	0	0	0	1	0	0	0	0	0	0
53	5	0	2	2	1	1	1	"Găng Chiêm Tinh"			98	80	7	86	380	60	15	0	0	0	0	0	0	0	0	0	3	0
end

//Index	Slot	Skill	X	Y	Serial	Option	Drop	Name			level	Defense	WalkSpeed	Dur	ReqLvl	ReqStr	ReqDex	ReqEne	ReqVit	ReqLead	SetAttr	DW/SM	DK/BK	ELF/ME	MG	DL SUM	RF
11
0	6	0	2	2	1	1	1	"Giày Đồng"			12	4	10	34	0	80	20	0	0	0	4	0	1	0	1	1	0	0
1	6	0	2	2	1	1	1	"Giày Hỏa Long"			54	15	2	68	0	120	30	0	0	0	4	0	1	0	1	0	0	0
2	6	0	2	2	1	1	1	"Giày Vải Thô"			4	3	10	28	0	20	0	0	0	0	4	1	0	0	1	0	0	0
3	6	0	2	2	1	1	1	"Giày Ma Thuật"			46	12	0	42	0	30	0	0	0	0	4	1	0	0	1	0	0	0
4	6	0	2	2	1	1	1	"Giày Xương"			16	6	6	30	0	30	0	0	0	0	4	1	0	0	1	0	0	0
5	6	0	2	2	1	1	1	"Giày Da"			5	2	12	30	0	80	0	0	0	0	4	0	1	0	1	1	0	1
6	6	0	2	2	1	1	1	"Giày Trâu Xanh"			22	8	8	40	0	110	0	0	0	0	4	0	1	0	1	1	0	1
7	6	0	2	2	1	1	1	"Giày Nhân Sư"			30	9	8	36	0	30	0	0	0	0	4	1	0	0	1	0	0	0
8	6	0	2	2	1	1	1	"Giày Thiên Kim"			32	10	6	44	0	100	30	0	0	0	4	0	1	0	1	0	0	1
9	6	0	2	2	1	1	1	"Giày Thiết Phiến"			42	12	4	50	0	130	0	0	0	0	4	0	1	0	1	0	0	1
10	6	0	2	2	1	1	1	"Giày Trinh Nữ"			5	2	0	22	0	30	60	0	0	0	4	0	0	1	0	0	0	0
11	6	0	2	2	1	1	1	"Giày Lụa"			15	4	0	26	0	30	70	0	0	0	4	0	0	1	0	0	0	0
12	6	0	2	2	1	1	1	"Giày Thiên Thanh"			27	7	0	32	0	30	80	0	0	0	4	0	0	1	0	0	0	0
13	6	0	2	2	1	1	1	"Giày Ngọc Bích"			40	10	0	38	0	40	80	0	0	0	4	0	0	1	0	0	0	0
14	6	0	2	2	1	1	1	"Giày Kim Ngân"			52	16	0	45	0	40	80	0	0	0	4	0	0	1	0	0	0	0
15	6	0	2	2	1	1	1	"Giày Phong Vũ"			72	22	2	80	0	150	70	0	0	0	4	0	0	0	1	0	0	0
16	6	0	2	2	1	1	1	"Giày Hắc Long"			78	24	2	74	0	170	60	0	0	0	4	0	1	0	0	0	0	0
17	6	0	2	2	1	1	1	"Giày Phượng Hoàng"			93	40	2	80	0	198	60	0	0	0	4	0	2	0	0	0	0	0
18	6	0	2	2	1	1	1	"Giày Triệu Hồn"			76	22	0	67	0	59	10	0	0	0	4	2	0	0	0	0	0	0
19	6	0	2	2	1	1	1	"Giày Giai Nhân"			81	30	0	74	0	50	110	0	0	0	4	0	0	2	0	0	0	0
20	6	0	2	2	1	1	1	"Giày Lôi Phong"			92	37	2	82	0	150	70	0	0	0	4	0	0	0	1	0	0	0
21	6	0	2	2	1	1	1	"Giày Thần Long"			98	50	0	86	0	200	58	0	0	0	4	0	2	0	0	0	0	0
22	6	0	2	2	1	1	1	"Giày Ma Vương"			95	31	0	75	0	55	18	0	0	0	4	2	0	0	0	0	0	0
23	6	0	2	2	1	1	1	"Giày Cuồng Phong"			110	50	0	90	0	162	66	0	0	0	4	0	0	0	1	0	0	0
24	6	0	2	2	1	1	1	"Giày Thánh Nữ"			87	40	0	80	0	52	115	0	0	0	4	0	0	2	0	0	0	0
25	6	0	2	2	1	1	1	"Giày Thiết Ma"			45	13	0	42	0	70	20	0	0	0	4	0	0	0	0	1	0	0
26	6	0	2	2	1	1	1	"Giày Huyền Thiết"			60	20	0	56	0	77	21	0	0	0	4	0	0	0	0	1	0	0
27	6	0	2	2	1	1	1	"Giày Hắc Vương"			83	25	0	70	0	84	22	0	0	0	4	0	0	0	0	1	0	0
28	6	0	2	2	1	1	1	"Giày Chí Tôn"			95	33	0	78	0	80	21	0	0	0	4	0	0	0	0	1	0	0
29	6	0	2	2	1	1	1	"Giày Quyền Năng"			119	63	0	90	380	170	60	0	0	0	0	0	2	0	0	0	0	0
30	6	0	2	2	1	1	1	"Giày Thần Ma"			119	47	0	86	380	44	15	0	0	0	0	2	0	0	0	0	0	0
31	6	0	2	2	1	1	1	"Giày Thái Bình"			119	53	0	86	380	38	80	0	0	0	0	0	0	2	0	0	0	0
32	6	0	2	2	1	1	1	"Giày Hồng Long"			131	61	0	95	380	145	60	0	0	0	0	0	0	0	1	0	0	0
33	6	0	2	2	1	1	1	"Giày Thái Dương"			121	44	0	82	380	62	16	0	0	0	0	0	0	0	0	1	0	0
34	6	0	2	2	1	1	1	"Giày Hắc Điểu"			68	19	0	72	0	160	50	0	0	0	0	0	1	0	0	0	0	0
35	6	0	2	2	1	1	1	"Giày Ánh Trăng"			68	17	0	54	0	53	12	0	0	0	0	1	0	0	0	0	0	0
36	6	0	2	2	1	1	1	"Giày Nữ Thần"			68	23	0	59	0	50	70	0	0	0	0	0	0	1	0	0	0	0
37	6	0	2	2	1	1	1	"Giày Hỏa Thần"			98	29	0	81	0	155	50	0	0	0	0	0	0	0	1	0	0	0
38	6	0	2	2	1	1	1	"Giày Hoàng Kim"			98	29	0	74	0	80	21	0	0	0	0	0	0	0	0	1	0	0
39	6	0	2	2	1	1	1	"Giày Thuật Sĩ"			26	11	0	36	0	27	0	0	0	0	4	0	0	0	0	0	1	0
40	6	0	2	2	1	1	1	"Giày Hỏa Thiên"			46	15	0	42	0	25	4	0	0	0	4	0	0	0	0	0	1	0
41	6	0	2	2	1	1	1	"Giày Ma Pháp"			65	21	0	54	0	53	16	0	0	0	4	0	0	0	0	0	1	0
42	6	0	2	2	1	1	1	"Giày Phục Ma"			76	28	0	67	0	60	10	0	0	0	0	0	0	0	0	0	2	0
43	6	0	2	2	1	1	1	"Giày Bão Điện"			95	38	0	75	380	57	20	0	0	0	0	0	0	0	0	0	2	0
44	6	0	2	2	1	1	1	"Giày Nữ Vương"			99	32	0	86	380	62	20	170	0	0	0	0	0	0	0	0	2	0
45	6	0	2	2	1	1	1	"Giày Thần Thoại"			96	57	0	86	380	222	32	0	0	0	0	0	1	0	0	0	0	0
46	6	0	2	2	1	1	1	"Giày Hoàng Long"			93	45	0	86	380	74	162	0	0	0	0	0	1	0	0	0	0	0
47	6	0	2	2	1	1	1	"Giày Bóng Ma"			97	54	0	86	380	212	57	0	0	0	0	0	0	0	1	0	0	0
48	6	0	2	2	1	1	1	"Giày Hủy Diệt"			94	44	0	86	380	62	19	165	0	0	0	0	0	0	1	0	0	0
49	6	0	2	2	1	1	1	"Giày Thiên Vũ"			97	42	0	86	380	55	197	0	0	0	0	0	0	1	0	0	0	0
50	6	0	2	2	1	1	1	"Giày Anh Vũ"			92	35	0	86	380	32	29	138	0	0	0	0	0	1	0	0	0	0
51	6	0	2	2	1	1	1	"Giày Đế Vương"			98	38	0	86	380	105	38	0	0	0	0	0	0	0	0	1	0	0
52	6	0	2	2	1	1	1	"Giày Quỷ Vương"			94	34	0	86	380	60	15	181	0	0	0	1	0	0	0	0	0	0
53	6	0	2	2	1	1	1	"Giày Chiêm Tinh"			97	80	0	86	380	60	15	0	0	0	0	0	0	0	0	0	3	0
59	6	0	2	2	1	1	1	"Giày Địa Long"			50	20	0	52	0	85	0	0	75	0	0	0	0	0	0	0	0	1
60	6	0	2	2	1	1	1	"Giày Bạch Hổ"			62	28	0	68	0	100	0	0	90	0	0	0	0	0	0	0	0	1
61	6	0	2	2	1	1	1	"Giày Quyền Lực"			82	36	0	82	0	115	0	0	100	0	0	0	0	0	0	0	0	1
73	6	0	2	2	1	1	1	"Giày Bạch Long"			119	57	0	88	380	97	0	0	85	0	0	0	0	0	0	0	0	1
77	6	0	2	2	1	1	1	"Giày Huyết Long"			119	57	0	88	380	97	0	0	85	0	0	0	0	0	0	0	0	3
end

//Index	Slot	Skill	X	Y	Serial	Option	Drop	Name			level	Defense	Dur	ReqLvl	ReqEne	ReqStr	ReqDex	ReqLead BuyMoney	DW/SM	DK/BK	ELF/ME	MG	DL SUM	RF
12
0	7	0	3	2	1	1	1	"Wings Tiên Nữ[W1-ELF]"			100	10	200	10	0	0	0	0	0	0	0	1	0	0	0	0
1	7	0	3	2	1	1	1	"Wings Thiên Đàng[W1-DW]"			100	10	200	10	0	0	0	0	0	1	0	0	1	0	0	0
2	7	0	3	2	1	1	1	"Wings Quỷ[W1-MG-DK]"			100	10	200	10	0	0	0	0	0	0	1	0	1	0	0	0
3	7	0	3	3	1	1	1	"Wings Tinh Thần[W2-ELF]"			120	30	200	10	0	0	0	0	0	0	0	2	0	0	0	0
4	7	0	3	3	1	1	1	"Wings Linh Hồn[W2-DW]"			120	30	200	10	0	0	0	0	0	2	0	0	0	0	0	0
5	7	0	3	3	1	1	1	"Wings Rồng[W2-DK]"			120	30	200	10	0	0	0	0	0	0	2	0	0	0	0	0
6	7	0	3	2	1	1	1	"Wings Bóng Đêm[W2-MG]"			120	30	200	10	0	0	0	0	0	0	0	0	1	0	0	0
7	-1	0	1	1	1	1	1	"Ngọc Chém Xoáy"			47	0	0	80	0	0	0	0	29000	0	1	0	1	0	0	0
8	-1	0	1	1	1	1	1	"Ngọc Phục Hồi Máu"			8	0	0	0	100	0	0	0	800	0	0	1	0	0	0	0
9	-1	0	1	1	1	1	1	"Ngọc Tăng Phòng Thủ"			13	0	0	0	100	0	0	0	3000	0	0	1	0	0	0	0
10	-1	0	1	1	1	1	1	"Ngọc Tăng Tấn Công"			18	0	0	0	100	0	0	0	7000	0	0	1	0	0	0	0
11	-1	0	1	1	1	1	1	"Ngọc Triệu Hồi"			3	0	0	0	0	0	0	0	150	0	0	1	0	0	0	0
12	-1	0	1	1	1	1	1	"Ngọc Địa Chấn"			78	0	0	170	0	0	0	0	150000	0	2	0	0	0	0	0
13	-1	0	1	1	1	1	1	"Ngọc Đâm Xoáy"			20	0	0	28	0	0	0	0	10000	0	1	0	1	0	0	0
14	-1	0	1	1	1	1	1	"Ngọc Tăng Lượng Máu"			60	0	0	120	0	0	0	0	43000	0	1	0	0	0	0	0
15	-1	0	1	1	1	1	1	"Ngọc Hỗn Nguyên"			12	0	0	0	0	0	0	0	0	1	1	1	1	1	0	0
16	-1	0	1	1	1	1	1	"Ngọc Chém Lửa"			60	0	0	0	0	320	0	0	51000	0	0	0	1	0	0	0
17	-1	0	1	1	1	1	1	"Ngọc Xuyên Tâm Tiễn"			64	0	0	130	0	0	0	0	72000	0	0	1	0	0	0	0
18	-1	0	1	1	1	1	1	"Ngọc Mũi Tên Băng"			81	0	0	0	0	0	258	0	195000	0	0	2	0	0	0	0
19	-1	0	1	1	1	1	1	"Ngọc Đâm Gió"			72	0	0	160	0	0	0	0	85000	0	2	0	0	0	0	0
21	-1	0	1	2	1	1	1	"Xích Hỏa Long"			74	0	0	0	20	0	0	0	115000	0	0	0	0	1	0	0
22	-1	0	1	2	1	1	1	"Triệu Hồi Thành viên"			98	0	0	0	34	0	0	400	375000	0	0	0	0	1	0	0
23	-1	0	1	2	1	1	1	"Tăng Sát Thương"			82	0	0	0	25	0	0	300	220000	0	0	0	0	1	0	0
24	-1	0	1	2	1	1	1	"Tập hợp năng lượng"			92	0	0	0	29	0	0	340	295000	0	0	0	0	1	0	0
26	-1	0	1	1	1	1	1	"Cẩm Thách Huyền Bí"			0	0	0	0	0	0	0	0	0	1	1	1	1	1	1	0
30	-1	0	1	1	1	1	1	"Cụm Ngọc Ước Nguyện"			25	0	0	0	0	0	0	0	0	1	1	1	1	1	1	0
31	-1	0	1	1	1	1	1	"Cụm Ngọc Tâm Linh"			30	0	0	0	0	0	0	0	0	1	1	1	1	1	1	0
32	-1	0	1	1	1	1	1	"Hộp Quà Đỏ"			0	0	0	0	0	0	0	0	0	1	1	1	1	1	1	0
33	-1	0	1	1	1	1	1	"Hộp Quà Xanh Lá"			0	0	0	0	0	0	0	0	0	1	1	1	1	1	1	0
34	-1	0	1	1	1	1	1	"Hộp Quà Xanh Dương"			0	0	0	0	0	0	0	0	0	1	1	1	1	1	1	0
35	-1	0	1	2	1	1	1	"Sách Hỏa Âm"			102	0	0	0	32	0	0	70	300000	0	0	0	0	1	0	0
36	7	0	3	3	1	1	1	"Wings Cuồng Phong[W3-DK]"			140	60	200	10	0	0	0	0	0	0	3	0	0	0	0	0
37	7	0	3	3	1	1	1	"Wings Thiên Sứ[W3-DW]"			140	60	200	10	0	0	0	0	0	3	0	0	0	0	0	0
38	7	0	3	3	1	1	1	"Wings Ngũ Sắc[W3-ELF]"			140	60	200	10	0	0	0	0	0	0	0	3	0	0	0	0
39	7	0	3	2	1	1	1	"Wings Lôi Vũ[W3-MG]"			140	60	200	10	0	0	0	0	0	0	0	0	3	0	0	0
40	7	0	2	3	1	1	1	"Cape Đế Vương[W3-DL]"			140	60	200	10	0	0	0	0	0	0	0	0	0	3	0	0
41	7	0	3	2	1	1	1	"Wings Vũ Linh[W1-SM]"			100	10	200	10	0	0	0	0	0	0	0	0	0	0	1	0
42	7	0	3	2	1	1	1	"Wings Hỏa Thiên[W2-SM"			120	30	200	10	0	0	0	0	0	0	0	0	0	0	2	0
43	7	0	4	3	1	1	1	"Wings Phượng Hoàng[W3-SM]"			140	60	200	10	0	0	0	0	0	0	0	0	0	0	3	0
44	-1	0	1	1	1	1	1	"Ngọc Chém Băng"			100	0	0	220	0	0	0	0	380000	0	2	0	0	0	0	0
45	-1	0	1	1	1	1	1	"Ngọc Liên Hoàn Tiễn"			100	0	0	220	0	0	0	0	380000	0	0	2	0	0	0	0
46	-1	0	1	1	1	1	1	"Ngọc Phục Hồi SD"			100	0	0	220	37	0	0	0	250000	0	0	2	0	0	0	0
47	-1	0	1	1	1	1	1	"Ngọc Kiếm Lửa"			100	0	0	220	0	0	0	0	380000	0	0	0	1	0	0	0
48	-1	0	1	2	1	1	1	"Sách Bóng Ma"			100	0	0	220	16	0	0	0	380000	0	0	0	0	1	0	0
49	7	0	2	3	1	1	1	"Cape Chiến Binh[W2-RF]"			120	30	200	10	0	0	0	0	0	0	0	0	0	0	0	1
50	7	0	2	3	1	1	1	"Cape Uy Quyền[W3-RF]"			140	60	200	10	0	0	0	0	0	0	0	0	0	0	0	3
60	-1	0	1	1	1	1	1	"Huy Hiệu Lửa"			150	0	0	0	0	0	0	0	500000	1	1	1	1	1	1	1
61	-1	0	1	1	1	1	1	"Huy Hiệu Nước"			150	0	0	0	0	0	0	0	500000	1	1	1	1	1	1	1
62	-1	0	1	1	1	1	1	"Huy Hiệu Băng"			150	0	0	0	0	0	0	0	500000	1	1	1	1	1	1	1
63	-1	0	1	1	1	1	1	"Huy Hiệu Gió"			150	0	0	0	0	0	0	0	500000	1	1	1	1	1	1	1
64	-1	0	1	1	1	1	1	"Huy Hiệu Sét"			150	0	0	0	0	0	0	0	500000	1	1	1	1	1	1	1
65	-1	0	1	1	1	1	1	"Huy Hiệu Đất"			150	0	0	0	0	0	0	0	500000	1	1	1	1	1	1	1
70	-1	0	1	1	1	1	1	"Khuôn (Cấp 1)"			102	0	0	0	0	0	0	0	100000	1	1	1	1	1	1	1
71	-1	0	1	1	1	1	1	"Khuôn (Cấp 2)"			122	0	0	0	0	0	0	0	150000	1	1	1	1	1	1	1
72	-1	0	1	1	1	1	1	"Khuôn (Cấp 3)"			132	0	0	0	0	0	0	0	200000	1	1	1	1	1	1	1
73	-1	0	1	1	1	1	1	"Khuôn (Cấp 4)"			142	0	0	0	0	0	0	0	250000	1	1	1	1	1	1	1
74	-1	0	1	1	1	1	1	"Khuôn (Cấp 5)"			152	0	0	0	0	0	0	0	300000	1	1	1	1	1	1	1
100	-1	0	1	1	1	1	1	"Nguyên Tố Lửa"			1	0	0	0	0	0	0	0	1050000	1	1	1	1	1	1	1
101	-1	0	1	1	1	1	1	"Nguyên Tố Nước"			1	0	0	0	0	0	0	0	1050000	1	1	1	1	1	1	1
102	-1	0	1	1	1	1	1	"Nguyên Tố Băng"			1	0	0	0	0	0	0	0	1050000	1	1	1	1	1	1	1
103	-1	0	1	1	1	1	1	"Nguyên Tố Gió"			1	0	0	0	0	0	0	0	1050000	1	1	1	1	1	1	1
104	-1	0	1	1	1	1	1	"Nguyên Tố Sét"			1	0	0	0	0	0	0	0	1050000	1	1	1	1	1	1	1
105	-1	0	1	1	1	1	1	"Nguyên Tố Đất"			1	0	0	0	0	0	0	0	1050000	1	1	1	1	1	1	1
106	-1	0	1	1	1	1	1	"Nguyên Tố Lửa"			2	0	0	0	0	0	0	0	1125000	1	1	1	1	1	1	1
107	-1	0	1	1	1	1	1	"Nguyên Tố Nước"			2	0	0	0	0	0	0	0	1125000	1	1	1	1	1	1	1
108	-1	0	1	1	1	1	1	"Nguyên Tố Băng"			2	0	0	0	0	0	0	0	1125000	1	1	1	1	1	1	1
109	-1	0	1	1	1	1	1	"Nguyên Tố Gió"			2	0	0	0	0	0	0	0	1125000	1	1	1	1	1	1	1
110	-1	0	1	1	1	1	1	"Nguyên Tố Sét"			2	0	0	0	0	0	0	0	1125000	1	1	1	1	1	1	1
111	-1	0	1	1	1	1	1	"Nguyên Tố Đất"			2	0	0	0	0	0	0	0	1125000	1	1	1	1	1	1	1
112	-1	0	1	1	1	1	1	"Nguyên Tố Lửa"			3	0	0	0	0	0	0	0	1200000	1	1	1	1	1	1	1
113	-1	0	1	1	1	1	1	"Nguyên Tố Nước"			3	0	0	0	0	0	0	0	1200000	1	1	1	1	1	1	1
114	-1	0	1	1	1	1	1	"Nguyên Tố Băng"			3	0	0	0	0	0	0	0	1200000	1	1	1	1	1	1	1
115	-1	0	1	1	1	1	1	"Nguyên Tố Gió"			3	0	0	0	0	0	0	0	1200000	1	1	1	1	1	1	1
116	-1	0	1	1	1	1	1	"Nguyên Tố Sét"			3	0	0	0	0	0	0	0	1200000	1	1	1	1	1	1	1
117	-1	0	1	1	1	1	1	"Nguyên Tố Đất"			3	0	0	0	0	0	0	0	1200000	1	1	1	1	1	1	1
118	-1	0	1	1	1	1	1	"Nguyên Tố Lửa"			4	0	0	0	0	0	0	0	1275000	0	0	0	0	0	0	0
119	-1	0	1	1	1	1	1	"Nguyên Tố Nước"			4	0	0	0	0	0	0	0	1275000	0	0	0	0	0	0	0
120	-1	0	1	1	1	1	1	"Nguyên Tố Băng"			4	0	0	0	0	0	0	0	1275000	0	0	0	0	0	0	0
121	-1	0	1	1	1	1	1	"Nguyên Tố Gió"			4	0	0	0	0	0	0	0	1275000	0	0	0	0	0	0	0
122	-1	0	1	1	1	1	1	"Nguyên Tố Sét"			4	0	0	0	0	0	0	0	1275000	0	0	0	0	0	0	0
123	-1	0	1	1	1	1	1	"Nguyên Tố Đất"			4	0	0	0	0	0	0	0	1275000	0	0	0	0	0	0	0
124	-1	0	1	1	1	1	1	"Nguyên Tố Lửa"			5	0	0	0	0	0	0	0	1350000	0	0	0	0	0	0	0
125	-1	0	1	1	1	1	1	"Nguyên Tố Nước"			5	0	0	0	0	0	0	0	1350000	0	0	0	0	0	0	0
126	-1	0	1	1	1	1	1	"Nguyên Tố Băng"			5	0	0	0	0	0	0	0	1350000	0	0	0	0	0	0	0
127	-1	0	1	1	1	1	1	"Nguyên Tố Gió"			5	0	0	0	0	0	0	0	1350000	0	0	0	0	0	0	0
128	-1	0	1	1	1	1	1	"Nguyên Tố Sét"			5	0	0	0	0	0	0	0	1350000	0	0	0	0	0	0	0
129	-1	0	1	1	1	1	1	"Nguyên Tố Đất"			5	0	0	0	0	0	0	0	1350000	0	0	0	0	0	0	0
136	-1	0	1	1	1	1	1	"Cụm Ngọc Sinh Mệnh"			72	0	0	0	0	0	0	0	0	1	1	1	1	1	1	1
137	-1	0	1	1	1	1	1	"Cụm Ngọc Sáng Tạo"			78	0	0	0	0	0	0	0	0	1	1	1	1	1	1	1
138	-1	0	1	1	1	1	1	"Cụm Đá Hộ Mệnh"			75	0	0	0	0	0	0	0	0	1	1	1	1	1	1	1
139	-1	0	1	1	1	1	1	"Cụm Đá Nguyên Thủy"			25	0	0	0	0	0	0	0	0	1	1	1	1	1	1	1
140	-1	0	1	1	1	1	1	"Cụm Đá Tạo Hóa"			25	0	0	0	0	0	0	0	0	1	1	1	1	1	1	1
141	-1	0	1	1	1	1	1	"Cụm Ngọc Hỗn Nguyên"			12	0	0	0	0	0	0	0	0	1	1	1	1	1	1	1
142	-1	0	1	1	1	1	1	"Cụm Đá Tinh Luyện 1"			25	0	0	0	0	0	0	0	0	1	1	1	1	1	1	1
143	-1	0	1	1	1	1	1	"Cụm Đá Tinh Luyện 2"			25	0	0	0	0	0	0	0	0	1	1	1	1	1	1	1
156	7	0	4	3	1	1	1	"Wings Heavenly[W4-DW]"			180	80	200	10	0	0	0	0	0	3	0	0	0	0	0	0
157	7	0	4	3	1	1	1	"Wings Avatar [W4-DK]"			180	80	200	10	0	0	0	0	0	0	3	0	0	0	0	0
158	7	0	4	3	1	1	1	"Wings Orb [W4-ELF]"			180	80	200	10	0	0	0	0	0	0	0	3	0	0	0	0
159	7	0	4	3	1	1	1	"Wings Fall[W4-MG]"			180	80	200	10	0	0	0	0	0	0	0	0	3	0	0	0
160	7	0	2	3	1	1	1	"Cape Control[W4-DL]"			180	80	200	10	0	0	0	0	0	0	0	0	0	3	0	0
161	7	0	4	3	1	1	1	"Wings The[W4-SM]"			180	80	200	10	0	0	0	0	0	0	0	0	0	0	3	0
162	7	0	2	3	1	1	1	"Cape Referre[W4-RF]"			180	80	200	10	0	0	0	0	0	0	0	0	0	0	0	3
163	7	0	4	3	1	1	1	"Wings Silence[W5-SM]"			180	100	200	10	0	0	0	0	0	0	0	0	0	0	3	0
164	7	0	4	3	1	1	1	"Wings Condemnation[W5-DK]"			180	100	200	10	0	0	0	0	0	0	3	0	0	0	0	0
165	7	0	2	3	1	1	1	"Wings Fate[W5-ELF]"			180	100	200	10	0	0	0	0	0	0	0	3	0	0	0	0
166	7	0	4	3	1	1	1	"Wings Rune[W5-DW]"			180	100	200	10	0	0	0	0	0	3	0	0	0	0	0	0
end

//Index	Slot	Skill	X	Y	Serial	Option	Drop	Name			level	Dur	Resistance1	Resistance2	Resistance3	Resistance4	Resistance5 Resistance6	Resistance7	SetAttr	DW/SM	DK/BK	ELF/ME	MG	DL SUM	RF
13
0	8	0	1	1	1	1	1	"Thần Hộ Mệnh"			23	255	0	0	0	0	0	0	0	0	1	1	1	1	1	1	1
1	8	0	1	1	1	1	1	"Tiểu Quỷ"			28	255	0	0	0	0	0	0	0	0	1	1	1	1	1	1	1
2	8	0	1	1	1	1	1	"Kỳ Lân"			25	255	0	0	0	0	0	0	0	0	1	1	1	1	1	1	1
3	8	49	1	1	1	1	1	"Quái Điểu"			110	255	0	0	0	0	0	0	0	0	1	1	1	1	1	1	1
4	8	62	1	1	1	1	1	"Chiến Mã"			218	255	0	0	0	0	0	0	0	0	0	0	0	0	1	0	0
5	1	0	1	1	1	1	1	"Quạ Tinh"			0	255	0	0	0	0	0	0	0	0	1	1	1	1	1	0	0
7	-1	0	1	1	1	1	1	"Cuộn Giấy Quỷ"			0	255	0	0	0	0	0	0	0	0	1	1	1	1	1	1	1
8	10	0	1	1	1	1	1	"Nhẫn Băng"			20	50	1	0	0	0	0	0	0	2	1	1	1	1	1	1	1
9	10	0	1	1	1	1	1	"Nhẫn Độc"			17	50	0	1	0	0	0	0	0	4	1	1	1	1	1	1	1
10	10	0	1	1	1	1	1	"Nhẫn Biến Hình"			0	200	0	0	0	0	0	0	0	0	1	1	1	1	1	1	1
11	-1	0	1	1	1	1	1	"Thư Triệu Tập"			0	255	0	0	0	0	0	0	0	0	1	1	1	1	1	1	1
12	9	0	1	1	1	1	1	"Dây Chuyền Sét"			21	50	0	0	1	0	0	0	0	3	1	1	1	1	1	1	1
13	9	0	1	1	1	1	1	"Dây Chuyền Lửa"			13	50	0	0	0	1	0	0	0	1	1	1	1	1	1	1	1
14	-1	0	1	2	1	1	1	"Lông Vũ"			78	0	0	0	0	0	0	0	0	0	1	1	1	1	1	1	1
15	-1	0	1	1	1	1	1	"Bình Nước Phép"			0	0	0	0	0	0	0	0	0	0	1	1	1	1	1	1	1
16	-1	0	1	2	1	1	1	"Thánh Chỉ"			0	128	0	0	0	0	0	0	0	0	1	1	1	1	1	1	1
17	-1	0	1	2	1	1	1	"Nanh Máu"			0	128	0	0	0	0	0	0	0	0	1	1	1	1	1	1	1
18	-1	0	2	2	1	1	1	"Áo Tàng Hình"			0	255	0	0	0	0	0	0	0	0	1	1	1	1	1	1	1
19	-1	0	1	2	1	1	1	"Gậy Thiên Sứ"			0	255	0	0	0	0	0	0	0	0	1	1	1	1	1	1	1
20	10	0	1	1	1	1	1	"Nhẫn Phù Thủy"			0	30	0	0	0	0	0	0	0	0	1	1	1	1	1	1	1
21	10	0	1	1	1	1	1	"Nhẫn Lửa"			30	50	0	0	0	1	0	0	0	3	1	1	1	1	1	1	1
22	10	0	1	1	1	1	1	"Nhẫn Đất"			38	50	0	0	0	0	1	0	0	1	1	1	1	1	1	1	1
23	10	0	1	1	1	1	1	"Nhẫn Gió"			44	50	0	0	0	0	0	1	0	2	1	1	1	1	1	1	1
24	10	0	1	1	1	1	1	"Nhẫn Phép Thuật"			47	50	0	0	0	0	0	0	0	3	1	1	1	1	1	1	1
25	9	0	1	1	1	1	1	"Dây Chuyền Băng"			34	50	1	0	0	0	0	0	0	1	1	1	1	1	1	1	1
26	9	0	1	1	1	1	1	"Dây Chuyền Gió"			42	50	0	0	0	0	0	1	0	2	1	1	1	1	1	1	1
27	9	0	1	1	1	1	1	"Dây Chuyền Nước"			46	50	0	0	0	0	0	0	1	4	1	1	1	1	1	1	1
28	9	0	1	1	1	1	1	"Dây Chuyền Kỹ Năng"			50	50	0	0	0	0	0	0	0	0	1	1	1	1	1	1	1
29	-1	0	2	2	1	1	1	"Giáp Hỗn Nguyên"			0	0	0	0	0	0	0	0	0	0	1	1	1	1	1	1	1
30	7	0	2	3	1	1	1	"Cape Chúa Tể[W2-DL]"			180	200	0	0	0	0	0	0	0	0	0	0	0	0	1	0	0
31	-1	0	1	1	1	1	1	"Linh Hồn Thú Nuôi"			0	0	0	0	0	0	0	0	0	0	0	0	0	0	1	0	0
32	-1	0	1	1	1	1	1	"Mảnh Vỡ Áo Giáp"			0	1	0	0	0	0	0	0	0	0	1	1	1	1	1	1	1
33	-1	0	1	1	1	1	1	"Bảo Hộ Nữ Thần"			0	1	0	0	0	0	0	0	0	0	1	1	1	1	1	1	1
34	-1	0	1	1	1	1	1	"Nanh Sói"			0	1	0	0	0	0	0	0	0	0	1	1	1	1	1	1	1
35	-1	0	1	1	1	1	1	"Mảnh Sừng"			0	1	0	0	0	0	0	0	0	0	1	1	1	1	1	1	1
36	-1	0	2	2	1	1	1	"Sừng Gãy"			0	1	0	0	0	0	0	0	0	0	1	1	1	1	1	1	1
37	8	0	2	2	1	1	1	"Linh Hồn Sói Tinh"			300	255	0	0	0	0	0	0	0	0	2	2	2	1	1	2	1
38	10	0	1	1	1	1	1	"Nhẫn Mặt Trăng"			21	120	0	0	0	0	0	0	0	3	1	1	1	1	1	1	1
39	10	0	1	1	1	1	1	"Nhẫn Quỷ Xương"			10	255	0	0	0	0	0	0	0	0	1	1	1	1	1	1	1
40	10	0	1	1	1	1	1	"Nhẫn Jack"			10	100	0	0	0	0	0	0	0	0	1	1	1	1	1	1	1
41	10	0	1	1	1	1	1	"Nhẫn Giáng Sinh"			1	100	0	0	0	0	0	0	0	0	1	1	1	1	1	1	1
42	10	0	1	1	1	1	1	"Nhẫn GM"			0	255	255	255	255	255	255	255	255	0	1	1	1	1	1	1	1
43	10	0	1	1	1	1	1	"Bùa Tăng EXP"			0	0	0	0	0	0	0	0	0	0	1	1	1	1	1	1	1
44	10	0	1	1	1	1	1	"Bùa Thiên Sứ"			0	0	0	0	0	0	0	0	0	0	1	1	1	1	1	1	1
45	10	0	1	1	1	1	1	"Không Tăng EXP"			0	0	0	0	0	0	0	0	0	0	1	1	1	1	1	1	1
46	-1	0	1	1	1	1	1	"Vé Quảng Trường Quỷ"			0	10	0	0	0	0	0	0	0	0	1	1	1	1	1	1	1
47	-1	0	1	1	1	1	1	"Vé Huyết Lâu"			0	10	0	0	0	0	0	0	0	0	1	1	1	1	1	1	1
48	-1	0	1	1	1	1	1	"Vé Kalima"			0	10	0	0	0	0	0	0	0	0	1	1	1	1	1	1	1
49	-1	0	1	1	1	1	1	"Cuộn Giấy Phép"			0	0	0	0	0	0	0	0	0	0	1	1	1	1	1	1	1
50	-1	0	1	2	1	1	1	"Nước Thánh"			0	0	0	0	0	0	0	0	0	0	1	1	1	1	1	1	1
51	-1	0	2	2	1	1	1	"Vé Bạch Long Điện"			0	1	0	0	0	0	0	0	0	0	1	1	1	1	1	1	1
52	-1	0	1	2	1	1	1	"Linh Hồn Condor"			0	0	0	0	0	0	0	0	0	0	1	1	1	1	1	1	1
53	-1	0	1	2	1	1	1	"Lông Vũ Condor"			0	0	0	0	0	0	0	0	0	0	1	1	1	1	1	1	1
54	-1	0	1	1	1	1	1	"Reset Sức Mạnh"			0	100	0	0	0	0	0	0	0	0	1	1	1	1	1	1	1
55	-1	0	1	1	1	1	1	"Reset Nhanh Nhẹn"			0	100	0	0	0	0	0	0	0	0	1	1	1	1	1	1	1
56	-1	0	1	1	1	1	1	"Reset Thể Lực"			0	100	0	0	0	0	0	0	0	0	1	1	1	1	1	1	1
57	-1	0	1	1	1	1	1	"Reset Năng Lượng"			0	100	0	0	0	0	0	0	0	0	1	1	1	1	1	1	1
58	-1	0	1	1	1	1	1	"Reset Mệnh Lệnh"			0	100	0	0	0	0	0	0	0	0	1	1	1	1	1	1	1
59	-1	0	1	1	1	1	1	"Vé Dịch Chuyển"			0	0	0	0	0	0	0	0	0	0	1	1	1	1	1	1	1
60	-1	0	1	2	1	1	1	"Bùa Xám Hối"			0	0	0	0	0	0	0	0	0	0	1	1	1	1	1	1	1
61	-1	0	1	1	1	1	1	"Vé Bạch Long Điện"			0	10	0	0	0	0	0	0	0	0	1	1	1	1	1	1	1
62	-1	0	1	1	1	1	1	"Bùa Hộ Thân"			0	0	0	0	0	0	0	0	0	0	1	1	1	1	1	1	1
63	-1	0	1	1	1	1	1	"Bùa May Mắn"			0	0	0	0	0	0	0	0	0	0	1	1	1	1	1	1	1
64	8	0	1	1	1	1	1	"Đại Quỷ"			1	255	0	0	0	0	0	0	0	0	1	1	1	1	1	1	1
65	8	0	1	1	1	1	1	"Nữ Thần Bảo Hộ"			1	255	0	0	0	0	0	0	0	0	1	1	1	1	1	1	1
66	-1	0	1	1	1	1	1	"Vé làng Santa"			0	10	0	0	0	0	0	0	0	0	1	1	1	1	1	1	1
67	8	0	1	1	1	1	1	"Tuần Lộc"			28	255	0	0	0	0	0	0	0	0	1	1	1	1	1	1	1
68	10	0	1	1	1	1	1	"Nhẫn Người Tuyết"			10	100	0	0	0	0	0	0	0	0	1	1	1	1	1	1	1
69	-1	0	1	1	1	1	1	"Quả Cầu Hồi Sinh"			0	0	0	0	0	0	0	0	0	0	1	1	1	1	1	1	1
70	-1	0	1	1	1	1	1	"La Bàn Định Vị"			0	2	0	0	0	0	0	0	0	0	1	1	1	1	1	1	1
71	8	0	2	3	1	1	1	"Kiếm / Chùy / Giáo"			0	255	0	0	0	0	0	0	0	0	1	1	1	1	1	1	1
72	8	0	2	3	1	1	1	"Gậy"			0	255	0	0	0	0	0	0	0	0	1	1	1	1	1	1	1
73	8	0	2	3	1	1	1	"Cung Tên / Nỏ"			0	255	0	0	0	0	0	0	0	0	1	1	1	1	1	1	1
74	8	0	2	3	1	1	1	"Quyền Trượng"			0	255	0	0	0	0	0	0	0	0	1	1	1	1	1	1	1
75	8	0	2	3	1	1	1	"Khuyển"			0	255	0	0	0	0	0	0	0	0	1	1	1	1	1	1	1
76	10	0	1	1	1	1	1	"Nhẫn Biến Gấu Trúc"			1	255	0	0	0	0	0	0	0	0	1	1	1	1	1	1	1
80	8	0	1	1	1	1	1	"Gấu Trúc"			1	255	0	0	0	0	0	0	0	0	1	1	1	1	1	1	1
81	-1	0	1	1	1	1	1	"Bùa Bảo Hộ"			0	0	0	0	0	0	0	0	0	0	1	1	1	1	1	1	1
82	-1	0	1	1	1	1	1	"Bùa Bảo Hộ Item"			0	0	0	0	0	0	0	0	0	0	1	1	1	1	1	1	1
83	-1	0	1	1	1	1	1	"Bùa Cánh Quỷ"			0	0	0	0	0	0	0	0	0	0	1	1	1	1	1	1	1
84	-1	0	1	1	1	1	1	"Bùa Cánh Thiên Đàng"			0	0	0	0	0	0	0	0	0	0	1	1	1	1	1	1	1
85	-1	0	1	1	1	1	1	"Bùa Cánh Tiên Nữ"			0	0	0	0	0	0	0	0	0	0	1	1	1	1	1	1	1
86	-1	0	1	1	1	1	1	"Bùa Cánh Vũ Linh"			0	0	0	0	0	0	0	0	0	0	1	1	1	1	1	1	1
87	-1	0	1	1	1	1	1	"Bùa Áo Choáng"			0	0	0	0	0	0	0	0	0	0	1	1	1	1	1	1	1
88	-1	0	1	1	1	1	1	"Bùa Cánh Rồng"			0	0	0	0	0	0	0	0	0	0	1	1	1	1	1	1	1
89	-1	0	1	1	1	1	1	"Bùa Cánh Linh Hồn"			0	0	0	0	0	0	0	0	0	0	1	1	1	1	1	1	1
90	-1	0	1	1	1	1	1	"Bùa Cánh Tinh Thần"			0	0	0	0	0	0	0	0	0	0	1	1	1	1	1	1	1
91	-1	0	1	1	1	1	1	"Bùa Cánh Đại Bàng"			0	0	0	0	0	0	0	0	0	0	1	1	1	1	1	1	1
92	-1	0	1	1	1	1	1	"Bùa Cánh Bóng Đêm"			0	0	0	0	0	0	0	0	0	0	1	1	1	1	1	1	1
93	-1	0	1	1	1	1	1	"Bùa Tăng EXP Master"			0	0	0	0	0	0	0	0	0	0	1	1	1	1	1	1	1
94	-1	0	1	1	1	1	1	"Bùa Thiên Sứ - Master"			0	0	0	0	0	0	0	0	0	0	1	1	1	1	1	1	1
95	-1	0	1	1	1	1	1	"Chiến Binh Danh Dự"			0	255	0	0	0	0	0	0	0	0	1	1	1	1	1	1	1
96	-1	0	1	1	1	1	1	"Sức Mạnh Tensile"			0	0	0	0	0	0	0	0	0	0	1	1	1	1	1	1	1
103	-1	0	1	1	1	1	1	"Kinh Nghiệm Party"			0	0	0	0	0	0	0	0	0	0	1	1	1	1	1	1	1
104	-1	0	1	1	1	1	1	"Tăng Tối Đa AG"			0	0	0	0	0	0	0	0	0	0	1	1	1	1	1	1	1
105	-1	0	1	1	1	1	1	"Tăng Tối Đa SD"			0	0	0	0	0	0	0	0	0	0	1	1	1	1	1	1	1
106	8	0	1	1	1	1	1	"Thần Mã"			28	255	0	0	0	0	0	0	0	0	1	1	1	1	1	1	1
107	10	0	1	1	1	1	1	"Nhẫn Ma Thuật"			0	100	0	0	0	0	0	0	0	0	1	1	1	1	1	1	1
109	10	0	1	1	1	1	1	"Nhẫn Ngọc Bích"			0	0	0	0	0	0	0	0	0	0	1	1	1	1	1	1	1
110	10	0	1	1	1	1	1	"Nhẫn Hồng Ngọc"			0	0	0	0	0	0	0	0	0	0	1	1	1	1	1	1	1
111	10	0	1	1	1	1	1	"Nhẫn Hoàng Ngọc"			0	0	0	0	0	0	0	0	0	0	1	1	1	1	1	1	1
112	10	0	1	1	1	1	1	"Nhẫn Thạch Anh Tím"			0	0	0	0	0	0	0	0	0	0	1	1	1	1	1	1	1
113	9	0	1	1	1	1	1	"Dây Chuyền Hồng Ngọc"			0	0	0	0	0	0	0	0	0	0	1	1	1	1	1	1	1
114	9	0	1	1	1	1	1	"Dây Chuyền Lục Bích"			0	0	0	0	0	0	0	0	0	0	1	1	1	1	1	1	1
115	9	0	1	1	1	1	1	"Dây Chuyền Ngọc Bích"			0	0	0	0	0	0	0	0	0	0	1	1	1	1	1	1	1
116	10	0	1	1	1	1	1	"Seal Of Wealth"			0	0	0	0	0	0	0	0	0	0	1	1	1	1	1	1	1
117	-1	0	1	1	1	1	1	"Bình Mana Nhỏ"			0	0	0	0	0	0	0	0	0	0	1	1	1	1	1	1	1
118	-1	0	1	1	1	1	1	"Bình Máu Nhỏ"			0	0	0	0	0	0	0	0	0	0	1	1	1	1	1	1	1
119	-1	0	1	1	1	1	1	"Bình Mana Vừa"			0	0	0	0	0	0	0	0	0	0	1	1	1	1	1	1	1
120	-1	0	1	1	1	1	1	"Bình Máu Lớn"			0	0	0	0	0	0	0	0	0	0	1	1	1	1	1	1	1
121	0	0	1	1	1	1	1	"Vé hỗn nguyên lầu"			25964	10	0	0	0	0	0	0	0	0	1	1	1	1	1	1	1
122	10	0	1	1	1	1	1	"Nhẫn Cốt Rồng"			1	255	0	0	0	0	0	0	0	0	1	1	1	1	1	1	1
123	8	0	1	1	1	1	1	"Cốt Rồng"			1	255	0	0	0	0	0	0	0	0	1	1	1	1	1	1	1
124	-1	0	1	1	1	1	1	"VIP PACK"			0	0	0	0	0	0	0	0	0	0	1	1	1	1	1	1	1
125	0	0	1	1	1	1	1	"Vé Đăng Nhập Dopple"			29285	10	0	0	0	0	0	0	0	0	1	1	1	1	1	1	1
126	-1	0	1	1	1	1	1	"Vé Đăng Nhập Baruka"			0	10	0	0	0	0	0	0	0	0	1	1	1	1	1	1	1
127	-1	0	1	1	1	1	1	"Vé Vào Baruka Tầng 7"			55	3	0	0	0	0	0	0	0	0	1	1	1	1	1	1	1
128	10	0	1	1	1	1	1	"Mãnh Tướng"			0	255	0	0	0	0	0	0	0	0	1	1	1	1	1	1	1
129	10	0	1	1	1	1	1	"Mãnh Tướng Sơn Dương"			0	255	0	0	0	0	0	0	0	0	1	1	1	1	1	1	1
130	10	0	1	1	1	1	1	"Bùa Orc"			0	255	0	0	0	0	0	0	0	0	1	1	1	1	1	1	1
131	10	0	1	1	1	1	1	"Bùa Maple"			0	255	0	0	0	0	0	0	0	0	1	1	1	1	1	1	1
132	10	0	1	2	1	1	1	"Bùa Golden Orc"			0	255	0	0	0	0	0	0	0	0	1	1	1	1	1	1	1
133	10	0	1	2	1	1	1	"Bùa Golden Maple"			0	255	0	0	0	0	0	0	0	0	1	1	1	1	1	1	1
134	10	0	1	1	1	1	1	"Móng Ngựa Cũ"			0	255	0	0	0	0	0	0	0	0	1	1	1	1	1	1	1
220	8	0	2	2	1	1	1	"Feydragon[A]"			100	255	0	0	0	0	0	0	0	0	1	1	1	1	1	1	1
221	8	0	2	2	1	1	1	"Feydragon[B]"			100	255	0	0	0	0	0	0	0	0	1	1	1	1	1	1	1
222	8	0	2	2	1	1	1	"Feydragon[C]"			100	255	0	0	0	0	0	0	0	0	1	1	1	1	1	1	1
223	8	0	2	2	1	1	1	"Feydragon[S]"			100	255	0	0	0	0	0	0	0	0	1	1	1	1	1	1	1
224	8	0	2	2	1	1	1	"Sleipnir[A]"			100	255	0	0	0	0	0	0	0	0	1	1	1	1	1	1	1
225	8	0	2	2	1	1	1	"Sleipnir[B]"			100	255	0	0	0	0	0	0	0	0	1	1	1	1	1	1	1
end

//Index	Slot	Skill	X	Y	Serial	Option	Drop	Name			Value	Level
14
0	-1	0	1	1	1	1	1	"Táo"			5	1
1	-1	0	1	1	1	1	1	"Bình Máu Nhỏ"			10	10
2	-1	0	1	1	1	1	1	"Chẵn"			20	25
3	-1	0	1	1	1	1	1	"Bình Máu To"			30	40
4	-1	0	1	1	1	1	1	"Bình Phép Nhỏ"			10	10
5	-1	0	1	1	1	1	1	"Bình Phép"			20	25
6	-1	0	1	1	1	1	1	"Bình Phép To"			30	40
7	-1	0	1	1	1	1	1	"Bình Thuốc"			30	0
8	-1	0	1	1	1	1	1	"Liều Giải Độc"			10	10
9	-1	0	1	2	1	1	1	"Rượu"			30	15
10	-1	0	1	2	1	1	1	"Bùa Về Thành"			30	30
11	-1	0	1	1	1	1	1	"Hộp May Mắn"			0	0
12	-1	0	1	1	1	1	1	"Trái Tim Yêu"			0	0
13	-1	0	1	1	1	1	1	"Ngọc Ước Nguyện"			150	25
14	-1	0	1	1	1	1	1	"Ngọc Tâm Linh"			150	30
15	-1	0	1	1	1	1	1	"Zen"			0	0
16	-1	0	1	1	1	1	1	"Ngọc Sinh Mệnh"			0	72
17	-1	0	1	1	1	1	1	"Con Mắt Quỷ"			0	1
18	-1	0	1	1	1	1	1	"Chìa Khóa Quỷ"			0	1
19	-1	0	1	1	1	1	1	"Bức Thư Quỷ"			0	0
20	-1	0	1	1	1	1	1	"Rượu Tình"			0	0
21	-1	0	1	1	1	1	1	"Huy Hiệu Rena"			0	0
22	-1	0	1	1	1	1	1	"Ngọc Sáng Tạo"			0	78
23	-1	0	1	1	1	1	1	"Sách Đế Vương"			0	0
24	-1	0	1	2	1	1	1	"Thanh Gươm Gẫy"			0	0
25	-1	0	1	1	1	1	1	"Nước Mắt Tiên Nữ"			0	0
26	-1	0	1	1	1	1	1	"Linh Hồn Phù Thủy"			0	0
28	-1	0	1	1	1	1	1	"Bản Đồ Kalima"			0	0
29	-1	0	1	1	1	1	1	"Huy Hiệu Kundun"			0	0
31	-1	0	1	1	1	1	1	"Đá Hộ Mệnh"			75	0
32	-1	0	1	1	1	1	1	"Hộp Socola Hồng"			0	0
33	-1	0	1	1	1	1	1	"Hộp Socola Đỏ"			0	0
34	-1	0	1	1	1	1	1	"Hộp Socola Xanh"			0	0
35	-1	0	1	1	1	1	1	"Bình SD Nhỏ"			50	0
36	-1	0	1	1	1	1	1	"Bình SD Vừa"			80	0
37	-1	0	1	1	1	1	1	"Bình SD Lớn"			100	0
38	-1	0	1	1	1	1	1	"Bình Thuốc Nhỏ"			20	68
39	-1	0	1	1	1	1	1	"Bình Thuốc Vừa"			40	96
40	-1	0	1	1	1	1	1	"Bình Thuốc Lớn"			60	118
41	-1	0	1	1	1	1	1	"Đá Nguyên Thủy"			150	25
42	-1	0	1	1	1	1	1	"Đá Tạo Hóa"			150	25
43	-1	0	1	1	1	1	1	"Đá Tinh Luyện Sơ"			150	25
44	-1	0	1	1	1	1	1	"Đá Tinh Luyện Cao"			150	25
45	-1	0	1	1	1	1	1	"Jack O Lantern"			0	1
46	-1	0	1	2	1	1	1	"Thần Chú Halloween"			0	0
47	-1	0	1	2	1	1	1	"Sức Mạnh Halloween"			0	0
48	-1	0	1	2	1	1	1	"Ma Thuật Halloween"			0	0
49	-1	0	1	1	1	1	1	"Đùi Gà Tăng Trưởng"			0	0
50	-1	0	1	1	1	1	1	"Siro Dinh Dưỡng"			0	0
51	-1	0	1	1	1	1	1	"Pháo Hoa Ngôi Sao"			0	0
52	-1	0	1	1	1	1	1	"Quà GM"			0	0
53	-1	0	1	1	1	1	1	"Bùa may mắn"			0	0
54	-1	0	1	1	1	1	1	"Thẻ Bài Chaos"			0	0
55	-1	0	1	1	1	1	1	"Hộp Quà Trang Bị 380"			0	0
56	-1	0	1	1	1	1	1	"Hộp Quà Vũ Khí Rồng"			0	0
57	-1	0	1	1	1	1	1	"Hộp Quà Trang Sức"			0	0
58	-1	0	1	1	1	1	1	"Event Ticket Loai 1"			0	0
59	-1	0	1	1	1	1	1	"Event Ticket Loai 2"			0	0
60	-1	0	1	1	1	1	1	"Event Ticket Loai 3"			0	0
61	-1	0	1	1	1	1	1	"Event Ticket Loai 4"			0	0
62	-1	0	1	1	1	1	1	"Event Ticket Loai 5"			0	0
63	-1	0	1	1	1	1	1	"Pháo Bông"			0	0
64	-1	0	1	1	1	1	1	"Long Châu"			0	0
65	-1	0	1	1	1	1	1	"Trái Tim Dơi Lửa"			0	0
66	-1	0	1	2	1	1	1	"Sừng Quỷ Vương"			0	0
67	-1	0	1	2	1	1	1	"Lông Phượng Hoàng Lửa"			0	0
68	-1	0	1	2	1	1	1	"Con Mắt Abyss"			0	0
70	-1	0	1	1	1	1	1	"Bình HP Cao Cấp"			0	0
71	-1	0	1	1	1	1	1	"Bình Mana Cao Cấp"			0	0
72	-1	0	2	2	1	1	1	"Bùa Tốc Độ Tấn Công"			0	0
73	-1	0	2	2	1	1	1	"Bùa Phòng Thủ"			0	0
74	-1	0	2	2	1	1	1	"Bùa Tăng Sát Thương"			0	0
75	-1	0	2	2	1	1	1	"Bùa Tăng Ma Thuật"			0	0
76	-1	0	2	2	1	1	1	"Bùa Tăng HP"			0	0
77	-1	0	2	2	1	1	1	"Bùa Tăng Mana"			0	0
78	-1	0	1	2	1	1	1	"Thuốc Sức Mạnh"			0	0
79	-1	0	1	2	1	1	1	"Thuốc Nhanh Nhẹn"			0	0
80	-1	0	1	2	1	1	1	"Thuốc Thể Lực"			0	0
81	-1	0	1	2	1	1	1	"Thuốc Năng Lượng"			0	0
82	-1	0	1	2	1	1	1	"Thuốc Mệnh Lệnh"			0	0
83	-1	0	1	1	1	1	1	"Event Ticket 6"			0	0
84	-1	0	1	1	1	1	1	"Hộp Quà Tết"			0	0
85	-1	0	1	2	1	1	1	"Rượu Tết"			0	0
86	-1	0	1	1	1	1	1	"Bánh Tết"			0	0
87	-1	0	1	1	1	1	1	"Cánh Hoa Tết"			0	0
88	-1	0	1	2	1	1	1	"Hoa Anh Đào Trắng"			0	0
89	-1	0	1	2	1	1	1	"Hoa Anh Đào Hồng"			0	0
90	-1	0	1	2	1	1	1	"Hoa Anh Đào Vàng"			0	0
91	-1	0	1	1	1	1	1	"Thẻ Bài Thuật Sĩ"			0	0
92	-1	0	1	1	1	1	1	"Thẻ Bài Vàng"			0	0
93	-1	0	1	1	1	1	1	"Thẻ Bài Đặc Biệt"			0	0
94	-1	0	1	1	1	1	1	"Bình HP Thường"			0	0
95	-1	0	1	1	1	1	1	"Thẻ Bài May Mắn"			0	0
96	-1	0	1	1	1	1	1	"Bùa Kết Hợp Chaos"			0	0
97	-1	0	2	2	1	1	1	"Bùa Tăng Chí Mạng"			0	0
98	-1	0	2	2	1	1	1	"Bùa Tăng Tấn Công"			0	0
99	-1	0	1	1	1	1	1	"Pháo Hoa Noel"			0	0
100	-1	0	1	1	1	1	1	"Đồng Xu May Mắn"			0	0
101	-1	0	1	1	1	1	1	"Lời Chú Giải"			0	32
102	-1	0	1	1	1	1	1	"Mệnh Lệnh Của Gaion"			0	0
103	-1	0	1	1	1	1	1	"Mẩu Sekeromikon 1"			0	0
104	-1	0	1	1	1	1	1	"Mẩu Sekeromikon 2"			0	0
105	-1	0	1	1	1	1	1	"Mẩu Sekeromikon 3"			0	0
106	-1	0	1	1	1	1	1	"Mẩu Sekeromikon 4"			0	0
107	-1	0	1	1	1	1	1	"Mẩu Sekeromikon 5"			0	0
108	-1	0	1	1	1	1	1	"Mẩu Sekeromikon 6"			0	0
109	-1	0	1	1	1	1	1	"Hoàn Thành Sekeromikon"			0	0
110	-1	0	1	1	1	1	1	"Biểu Tượng Dopple"			0	32
111	-1	0	1	1	1	1	1	"Vé Tham Gia Dopple"			0	0
112	-1	0	1	1	1	1	1	"Chìa Khóa Bạc"			0	0
113	-1	0	1	1	1	1	1	"Chìa Khóa Vàng"			0	0
114	-1	0	1	1	1	1	1	"Reset Kỹ Năng Master"			0	0
115	-1	0	1	1	1	1	1	"Điều Chỉnh Chỉ Số"			0	0
116	-1	0	1	1	1	1	1	"Dấu Hiệu Dịch Chuyển"			0	0
117	-1	0	1	1	1	1	1	"Dấu Hiệu Đổi Tên"			0	0
118	-1	0	1	1	1	1	1	"Chuyển Server"			0	0
119	-1	0	1	1	1	1	1	"Gói Đặc Biệt"			0	0
120	-1	0	1	1	1	1	1	"Cường Hóa Goblin"			0	0
121	-1	0	1	1	1	1	1	"Hộp Vàng"			0	0
122	-1	0	1	1	1	1	1	"Hộp Bạc"			0	0
123	-1	0	1	1	1	1	1	"Hộp Quà Vàng"			0	0
124	-1	0	1	1	1	1	1	"Hộp Quà Bạc"			0	0
125	-1	0	1	1	1	1	1	"Hộp Khóa"			0	0
126	-1	0	1	1	1	1	1	"Key 30 Ngày"			0	0
127	-1	0	1	1	1	1	1	"Key 90 Ngày"			0	0
128	-1	0	1	1	1	1	1	"Key Điểm 30 Ngày"			0	0
129	-1	0	1	1	1	1	1	"Key Điểm 90 Ngày"			0	0
130	-1	0	1	1	1	1	1	"3 Giờ Đặc Biệt"			0	0
131	-1	0	1	1	1	1	1	"5 Giờ Đặc Biệt"			0	0
132	-1	0	1	1	1	1	1	"10 Giờ Đặc Biệt"			0	0
133	-1	0	1	1	1	1	1	"Bình Hồi SD Cao Cấp"			0	0
134	-1	0	1	1	1	1	1	"Gói Quà A"			0	0
135	-1	0	1	1	1	1	1	"Gói Quà B"			0	0
136	-1	0	1	1	1	1	1	"Gói Quà C"			0	0
137	-1	0	1	1	1	1	1	"Gói Quà D"			0	0
138	-1	0	1	1	1	1	1	"Gói Quà E"			0	0
139	-1	0	1	1	1	1	1	"Gói Quà F"			0	0
140	-1	0	2	2	1	1	1	"Cuộn Giấy Phép"			0	0
141	-1	0	1	1	1	1	1	"Rương Cũ"			0	0
142	-1	0	1	1	1	1	1	"Rương Cũ"			0	0
143	-1	0	1	1	1	1	1	"Rương Cũ"			0	0
144	-1	0	1	1	1	1	1	"Rương Cũ"			0	0
145	-1	0	1	1	1	1	1	"Vé Đặc biệt 7"			0	0
146	-1	0	1	1	1	1	1	"Vé Đặc biệt 8"			0	0
147	-1	0	1	1	1	1	1	"Vé Đặc biệt 9"			0	0
148	-1	0	1	1	1	1	1	"Vé Đặc biệt 10"			0	0
149	-1	0	1	1	1	1	1	"Vé Đặc biệt 11"			0	0
150	-1	0	1	1	1	1	1	"Vé Đặc biệt 12"			0	0
151	-1	0	1	2	1	1	1	"Letter Of Request"			0	0
152	-1	0	1	2	1	1	1	"Completion Certificate"			0	0
153	0	0	1	1	1	1	1	"Stardust"			60	0
154	0	0	1	1	1	1	1	"Ngọc Kaltu"			60	0
155	0	0	2	2	1	1	1	"Giáp Tantalus"			60	0
156	0	0	1	3	1	1	1	"Giáp Hung Thần"			60	0
157	0	0	1	1	1	1	1	"Hộp Quà Xanh Lá"			190	0
158	0	0	1	1	1	1	1	"Hộp Quà Đỏ"			190	0
159	0	0	1	1	1	1	1	"Hộp Quà Tím"			190	0
160	0	0	1	1	1	1	1	"Ngọc Liên Hoàn"			0	0
161	0	0	1	1	1	1	1	"Ngọc Nhẫn Bội"			0	0
162	0	0	1	1	1	1	1	"Mở Rộng Túi Đồ"			0	0
163	0	0	1	1	1	1	1	"Mở Rộng Thùng Đồ"			0	0
169	0	0	1	1	1	1	1	"Thẻ Bài Thiết Binh"			0	0
end

//Index	Slot	Skill	X	Y	Serial	Option	Drop	Name			level	ReqLvl	ReqEne	BuyMoney	DW/SM	DK/BK	ELF/ME	MG	DL SUM	RF
15
0	-1	0	1	2	1	1	1	"Sách Phóng Độc"			30	0	100	17000	1	0	0	1	0	0	0
1	-1	0	1	2	1	1	1	"Sách Thiên Thạch"			21	0	100	11000	1	0	0	1	0	1	0
2	-1	0	1	2	1	1	1	"Sách Phóng Sét"			13	0	100	3000	1	0	0	1	0	0	0
3	-1	0	1	2	1	1	1	"Sách Quả Cầu Lửa"			5	0	100	300	1	0	0	1	0	1	0
4	-1	0	1	2	1	1	1	"Sách Cột Lửa"			35	0	100	21000	1	0	0	1	0	0	0
5	-1	0	1	2	1	1	1	"Di Chuyển Tức Thời"			17	0	100	5000	1	0	0	0	0	0	0
6	-1	0	1	2	1	1	1	"Sách Đóng Băng"			25	0	100	14000	1	0	0	1	0	1	0
7	-1	0	1	2	1	1	1	"Sách Lốc Xoáy"			40	0	100	25000	1	0	0	1	0	0	0
8	-1	0	1	2	1	1	1	"Triệu Tập Linh Hồn"			50	0	100	35000	1	0	0	1	0	0	0
9	-1	0	1	2	1	1	1	"Sách Lửa Địa Ngục"			60	0	100	60000	1	0	0	1	0	0	0
10	-1	0	1	2	1	1	1	"Sách Sóng Âm"			9	0	100	1150	1	0	0	1	0	1	0
11	-1	0	1	2	1	1	1	"Sách Luồng Nước Xanh"			74	0	110	100000	1	0	0	1	0	0	0
12	-1	0	1	2	1	1	1	"Sách Sao Băng"			80	0	150	175000	1	0	0	1	0	0	0
13	-1	0	1	2	1	1	1	"Sách Vòng Tròn Lửa"			88	0	200	265000	1	0	0	1	0	0	0
14	-1	0	1	2	1	1	1	"Dịch Chuyển Đồng Đội"			83	0	188	245000	2	0	0	0	0	0	0
15	-1	0	1	2	1	1	1	"Vòng Tròn Năng Lượng"			77	0	126	135000	1	0	0	0	0	0	0
16	-1	0	1	2	1	1	1	"Sách Mưa Độc Tố"			96	0	243	345000	2	0	0	0	0	0	0
17	-1	0	1	2	1	1	1	"Sách Mưa Băng Tuyết"			1	0	223	315000	2	0	0	0	0	0	0
18	-1	0	1	2	1	1	1	"Sách Nova"			100	0	258	410000	2	0	0	0	0	0	0
19	-1	0	1	2	1	1	1	"Sách Lôi Điện"			75	0	75	175000	0	0	0	0	0	1	0
20	-1	0	1	2	1	1	1	"Sách Hút Máu"			35	0	93	100000	0	0	0	0	0	1	0
21	-1	0	1	2	1	1	1	"Sách Shock Điện"			93	0	216	315000	0	0	0	0	0	1	0
22	-1	0	1	2	1	1	1	"Sách Phản Hồi"			80	0	111	245000	0	0	0	0	0	1	0
23	-1	0	1	2	1	1	1	"Sách Hộ Công"			83	0	181	265000	0	0	0	0	0	1	0
24	-1	0	1	2	1	1	1	"Sách Ru Ngủ"			40	0	100	135000	0	0	0	0	0	1	0
25	-1	0	1	2	1	1	1	"Sách Tăng Ma Thuật"			60	0	100	100000	0	0	0	0	0	1	0
26	-1	0	1	2	1	1	1	"Sách Giảm Sức Đánh"			93	0	173	410000	0	0	0	0	0	2	0
27	-1	0	1	2	1	1	1	"Sách Giảm Phòng Thủ"			111	0	201	450000	0	0	0	0	0	2	0
28	-1	0	1	2	1	1	1	"Sách Tăng Ma Lực"			100	220	118	425000	2	0	0	0	0	0	0
29	-1	0	1	2	1	1	1	"Bão Ánh Sáng"			100	220	118	380000	0	0	0	1	0	0	0
30	-1	0	1	2	1	1	1	"Sách Vật Ngã"			70	150	0	100000	0	0	0	0	0	0	1
31	-1	0	1	2	1	1	1	"Sách Ảo Ảnh Liên Hoàn"			80	180	0	175000	0	0	0	0	0	0	1
32	-1	0	1	2	1	1	1	"Sách Gầm Thét"			70	150	0	100000	0	0	0	0	0	0	1
33	-1	0	1	2	1	1	1	"Sách Hơi Thở Rồng"			90	200	0	265000	0	0	0	0	0	0	1
34	-1	0	1	2	1	1	1	"Sách Xuyên Thấu"			80	120	80	175000	0	0	0	0	0	0	1
35	-1	0	1	2	1	1	1	"Sách Tăng Thể Lực"			50	80	35	35000	0	0	0	0	0	0	1
36	-1	0	1	2	1	1	1	"Sách Hộ Thân"			40	50	30	25000	0	0	0	0	0	0	1
end

